 l=3;
 d=pow2(l)-1;
 n=d*d;
 maxErr = 0.05303212;
 iter = 64;
  A=[  0.5265  0.7446  0.5265 -0.0000 -0.5265 -0.7446 -0.5265
  0.7446  1.0530  0.7446 -0.0000 -0.7446 -1.0530 -0.7446
  0.5265  0.7446  0.5265 -0.0000 -0.5265 -0.7446 -0.5265
 -0.0000 -0.0000 -0.0000 -0.0000 -0.0000 -0.0000 -0.0000
 -0.5265 -0.7446 -0.5265 -0.0000  0.5265  0.7446  0.5265
 -0.7446 -1.0530 -0.7446 -0.0000  0.7446  1.0530  0.7446
 -0.5265 -0.7446 -0.5265 -0.0000  0.5265  0.7446  0.5265];