 l=6;
 d=pow2(l)-1;
 n=d*d;
 maxErr = 0.00086595;
 iter = 1148;
  A=[0.0096  0.0191  0.0285  0.0375  0.0462  0.0545  0.0622  0.0694  0.0758  0.0816  0.0865  0.0906  0.0939  0.0962  0.0976  0.0981  0.0976  0.0962  0.0939  0.0906  0.0865  0.0816  0.0758  0.0694  0.0622  0.0545  0.0462  0.0375  0.0285  0.0191  0.0096  0.0000 -0.0096 -0.0191 -0.0285 -0.0375 -0.0462 -0.0545 -0.0622 -0.0694 -0.0758 -0.0816 -0.0865 -0.0906 -0.0939 -0.0962 -0.0976 -0.0981 -0.0976 -0.0962 -0.0939 -0.0906 -0.0865 -0.0816 -0.0758 -0.0694 -0.0622 -0.0545 -0.0462 -0.0375 -0.0285 -0.0191 -0.0096
  0.0191  0.0381  0.0567  0.0747  0.0920  0.1085  0.1239  0.1381  0.1509  0.1623  0.1722  0.1804  0.1868  0.1915  0.1943  0.1953  0.1943  0.1915  0.1869  0.1804  0.1722  0.1624  0.1509  0.1381  0.1239  0.1085  0.0921  0.0747  0.0567  0.0381  0.0191  0.0000 -0.0191 -0.0381 -0.0567 -0.0747 -0.0920 -0.1085 -0.1239 -0.1381 -0.1509 -0.1623 -0.1722 -0.1804 -0.1868 -0.1915 -0.1943 -0.1952 -0.1943 -0.1915 -0.1868 -0.1804 -0.1722 -0.1623 -0.1509 -0.1381 -0.1239 -0.1085 -0.0920 -0.0747 -0.0567 -0.0381 -0.0191
  0.0285  0.0567  0.0843  0.1112  0.1370  0.1614  0.1843  0.2054  0.2246  0.2416  0.2562  0.2684  0.2780  0.2850  0.2891  0.2905  0.2891  0.2850  0.2780  0.2684  0.2562  0.2416  0.2246  0.2054  0.1843  0.1614  0.1370  0.1112  0.0844  0.0567  0.0285  0.0000 -0.0285 -0.0567 -0.0843 -0.1112 -0.1369 -0.1614 -0.1843 -0.2054 -0.2246 -0.2415 -0.2562 -0.2684 -0.2780 -0.2849 -0.2891 -0.2905 -0.2891 -0.2849 -0.2780 -0.2684 -0.2562 -0.2416 -0.2246 -0.2054 -0.1843 -0.1614 -0.1369 -0.1112 -0.0843 -0.0567 -0.0285
  0.0375  0.0747  0.1112  0.1466  0.1805  0.2128  0.2430  0.2708  0.2961  0.3185  0.3378  0.3539  0.3665  0.3757  0.3812  0.3830  0.3812  0.3757  0.3665  0.3539  0.3378  0.3185  0.2961  0.2708  0.2430  0.2128  0.1806  0.1466  0.1112  0.0747  0.0376  0.0000 -0.0375 -0.0747 -0.1112 -0.1465 -0.1805 -0.2128 -0.2429 -0.2708 -0.2960 -0.3184 -0.3378 -0.3538 -0.3665 -0.3756 -0.3811 -0.3830 -0.3811 -0.3756 -0.3665 -0.3538 -0.3378 -0.3184 -0.2961 -0.2708 -0.2430 -0.2128 -0.1805 -0.1466 -0.1112 -0.0747 -0.0375
  0.0462  0.0920  0.1370  0.1805  0.2224  0.2621  0.2993  0.3336  0.3647  0.3923  0.4161  0.4359  0.4515  0.4627  0.4695  0.4718  0.4695  0.4627  0.4515  0.4359  0.4161  0.3923  0.3647  0.3336  0.2993  0.2621  0.2224  0.1806  0.1370  0.0921  0.0463  0.0000 -0.0462 -0.0920 -0.1369 -0.1805 -0.2224 -0.2621 -0.2993 -0.3336 -0.3647 -0.3922 -0.4161 -0.4358 -0.4514 -0.4627 -0.4695 -0.4718 -0.4695 -0.4627 -0.4515 -0.4359 -0.4161 -0.3923 -0.3647 -0.3336 -0.2993 -0.2621 -0.2224 -0.1805 -0.1369 -0.0920 -0.0462
  0.0545  0.1085  0.1614  0.2128  0.2621  0.3089  0.3527  0.3932  0.4298  0.4623  0.4904  0.5137  0.5321  0.5454  0.5534  0.5560  0.5534  0.5454  0.5321  0.5137  0.4904  0.4623  0.4298  0.3932  0.3528  0.3089  0.2621  0.2128  0.1614  0.1085  0.0545  0.0000 -0.0545 -0.1084 -0.1614 -0.2128 -0.2621 -0.3089 -0.3527 -0.3931 -0.4298 -0.4623 -0.4903 -0.5137 -0.5321 -0.5453 -0.5533 -0.5560 -0.5533 -0.5453 -0.5321 -0.5137 -0.4904 -0.4623 -0.4298 -0.3932 -0.3527 -0.3089 -0.2621 -0.2128 -0.1614 -0.1085 -0.0545
  0.0622  0.1239  0.1843  0.2430  0.2993  0.3527  0.4028  0.4490  0.4908  0.5279  0.5600  0.5866  0.6076  0.6227  0.6319  0.6349  0.6319  0.6227  0.6076  0.5866  0.5600  0.5279  0.4908  0.4490  0.4028  0.3528  0.2993  0.2430  0.1843  0.1239  0.0623  0.0000 -0.0622 -0.1238 -0.1843 -0.2429 -0.2993 -0.3527 -0.4028 -0.4489 -0.4908 -0.5279 -0.5599 -0.5866 -0.6075 -0.6227 -0.6318 -0.6349 -0.6318 -0.6227 -0.6076 -0.5866 -0.5599 -0.5279 -0.4908 -0.4489 -0.4028 -0.3527 -0.2993 -0.2430 -0.1843 -0.1239 -0.0622
  0.0694  0.1381  0.2054  0.2708  0.3336  0.3932  0.4490  0.5004  0.5471  0.5884  0.6241  0.6538  0.6772  0.6941  0.7043  0.7077  0.7043  0.6941  0.6772  0.6538  0.6242  0.5885  0.5471  0.5004  0.4490  0.3932  0.3336  0.2709  0.2055  0.1381  0.0694  0.0000 -0.0693 -0.1380 -0.2054 -0.2708 -0.3336 -0.3931 -0.4489 -0.5004 -0.5470 -0.5884 -0.6241 -0.6538 -0.6772 -0.6941 -0.7043 -0.7077 -0.7043 -0.6941 -0.6772 -0.6538 -0.6241 -0.5884 -0.5470 -0.5004 -0.4489 -0.3932 -0.3336 -0.2708 -0.2054 -0.1381 -0.0694
  0.0758  0.1509  0.2246  0.2961  0.3647  0.4298  0.4908  0.5471  0.5981  0.6433  0.6823  0.7148  0.7404  0.7588  0.7699  0.7737  0.7700  0.7588  0.7404  0.7148  0.6823  0.6433  0.5981  0.5471  0.4908  0.4299  0.3647  0.2961  0.2246  0.1510  0.0759  0.0000 -0.0758 -0.1509 -0.2245 -0.2960 -0.3647 -0.4298 -0.4908 -0.5470 -0.5980 -0.6432 -0.6823 -0.7147 -0.7403 -0.7587 -0.7699 -0.7736 -0.7699 -0.7588 -0.7403 -0.7147 -0.6823 -0.6432 -0.5980 -0.5470 -0.4908 -0.4298 -0.3647 -0.2961 -0.2246 -0.1509 -0.0758
  0.0816  0.1623  0.2416  0.3185  0.3923  0.4623  0.5279  0.5884  0.6433  0.6919  0.7339  0.7688  0.7963  0.8162  0.8282  0.8322  0.8282  0.8162  0.7964  0.7688  0.7339  0.6919  0.6433  0.5885  0.5280  0.4624  0.3923  0.3185  0.2416  0.1624  0.0816  0.0000 -0.0815 -0.1623 -0.2415 -0.3184 -0.3922 -0.4623 -0.5279 -0.5884 -0.6432 -0.6919 -0.7339 -0.7688 -0.7963 -0.8161 -0.8281 -0.8321 -0.8281 -0.8161 -0.7963 -0.7688 -0.7339 -0.6919 -0.6432 -0.5884 -0.5279 -0.4623 -0.3923 -0.3184 -0.2416 -0.1623 -0.0816
  0.0865  0.1722  0.2562  0.3378  0.4161  0.4904  0.5600  0.6241  0.6823  0.7339  0.7784  0.8155  0.8447  0.8657  0.8784  0.8827  0.8784  0.8657  0.8447  0.8155  0.7785  0.7339  0.6823  0.6242  0.5600  0.4904  0.4161  0.3378  0.2563  0.1722  0.0866  0.0000 -0.0865 -0.1722 -0.2562 -0.3377 -0.4160 -0.4903 -0.5599 -0.6241 -0.6823 -0.7339 -0.7784 -0.8154 -0.8446 -0.8657 -0.8784 -0.8826 -0.8784 -0.8657 -0.8446 -0.8154 -0.7784 -0.7339 -0.6823 -0.6241 -0.5599 -0.4904 -0.4161 -0.3378 -0.2562 -0.1722 -0.0865
  0.0906  0.1804  0.2684  0.3539  0.4359  0.5137  0.5866  0.6538  0.7148  0.7688  0.8155  0.8543  0.8849  0.9069  0.9202  0.9247  0.9202  0.9069  0.8849  0.8543  0.8155  0.7689  0.7148  0.6539  0.5866  0.5137  0.4359  0.3539  0.2685  0.1804  0.0907  0.0000 -0.0906 -0.1803 -0.2684 -0.3538 -0.4358 -0.5137 -0.5865 -0.6538 -0.7147 -0.7688 -0.8154 -0.8542 -0.8848 -0.9068 -0.9202 -0.9246 -0.9202 -0.9068 -0.8848 -0.8542 -0.8154 -0.7688 -0.7147 -0.6538 -0.5866 -0.5137 -0.4359 -0.3538 -0.2684 -0.1804 -0.0906
  0.0939  0.1868  0.2780  0.3665  0.4515  0.5321  0.6076  0.6772  0.7404  0.7963  0.8447  0.8849  0.9165  0.9394  0.9532  0.9578  0.9532  0.9394  0.9165  0.8849  0.8447  0.7964  0.7404  0.6773  0.6076  0.5321  0.4515  0.3666  0.2781  0.1869  0.0939  0.0000 -0.0938 -0.1868 -0.2780 -0.3665 -0.4514 -0.5320 -0.6075 -0.6772 -0.7403 -0.7963 -0.8446 -0.8848 -0.9165 -0.9393 -0.9531 -0.9577 -0.9531 -0.9393 -0.9165 -0.8848 -0.8446 -0.7963 -0.7403 -0.6772 -0.6076 -0.5321 -0.4515 -0.3665 -0.2780 -0.1868 -0.0939
  0.0962  0.1915  0.2850  0.3757  0.4627  0.5454  0.6227  0.6941  0.7588  0.8162  0.8657  0.9069  0.9394  0.9628  0.9769  0.9816  0.9769  0.9628  0.9394  0.9069  0.8657  0.8162  0.7588  0.6941  0.6228  0.5454  0.4628  0.3757  0.2850  0.1915  0.0963  0.0000 -0.0962 -0.1915 -0.2849 -0.3756 -0.4627 -0.5453 -0.6227 -0.6941 -0.7587 -0.8161 -0.8657 -0.9068 -0.9393 -0.9627 -0.9768 -0.9816 -0.9768 -0.9627 -0.9393 -0.9069 -0.8657 -0.8161 -0.7588 -0.6941 -0.6227 -0.5453 -0.4627 -0.3756 -0.2849 -0.1915 -0.0962
  0.0976  0.1943  0.2891  0.3812  0.4695  0.5534  0.6319  0.7043  0.7699  0.8282  0.8784  0.9202  0.9532  0.9769  0.9912  0.9960  0.9913  0.9769  0.9532  0.9202  0.8784  0.8282  0.7700  0.7043  0.6319  0.5534  0.4696  0.3812  0.2892  0.1944  0.0977  0.0000 -0.0976 -0.1943 -0.2891 -0.3811 -0.4695 -0.5533 -0.6318 -0.7042 -0.7699 -0.8281 -0.8784 -0.9202 -0.9531 -0.9768 -0.9912 -0.9960 -0.9912 -0.9768 -0.9531 -0.9202 -0.8784 -0.8281 -0.7699 -0.7043 -0.6318 -0.5533 -0.4695 -0.3811 -0.2891 -0.1943 -0.0976
  0.0981  0.1953  0.2905  0.3830  0.4718  0.5560  0.6349  0.7077  0.7737  0.8322  0.8827  0.9247  0.9578  0.9816  0.9960  1.0009  0.9960  0.9816  0.9578  0.9247  0.8827  0.8322  0.7737  0.7077  0.6350  0.5561  0.4718  0.3830  0.2906  0.1953  0.0981  0.0000 -0.0981 -0.1952 -0.2905 -0.3830 -0.4717 -0.5560 -0.6349 -0.7077 -0.7736 -0.8321 -0.8826 -0.9246 -0.9577 -0.9816 -0.9960 -1.0008 -0.9960 -0.9816 -0.9577 -0.9246 -0.8826 -0.8321 -0.7736 -0.7077 -0.6349 -0.5560 -0.4718 -0.3830 -0.2905 -0.1952 -0.0981
  0.0976  0.1943  0.2891  0.3812  0.4695  0.5534  0.6319  0.7043  0.7700  0.8282  0.8784  0.9202  0.9532  0.9769  0.9913  0.9960  0.9913  0.9769  0.9532  0.9202  0.8784  0.8282  0.7700  0.7043  0.6319  0.5534  0.4696  0.3812  0.2892  0.1944  0.0977  0.0000 -0.0976 -0.1943 -0.2891 -0.3811 -0.4695 -0.5533 -0.6318 -0.7043 -0.7699 -0.8281 -0.8784 -0.9202 -0.9531 -0.9768 -0.9912 -0.9960 -0.9912 -0.9769 -0.9531 -0.9202 -0.8784 -0.8281 -0.7699 -0.7043 -0.6319 -0.5533 -0.4695 -0.3812 -0.2891 -0.1943 -0.0976
  0.0962  0.1915  0.2850  0.3757  0.4627  0.5454  0.6227  0.6941  0.7588  0.8162  0.8657  0.9069  0.9394  0.9628  0.9769  0.9816  0.9769  0.9628  0.9394  0.9069  0.8657  0.8162  0.7588  0.6941  0.6228  0.5454  0.4628  0.3757  0.2850  0.1915  0.0963  0.0000 -0.0962 -0.1915 -0.2849 -0.3756 -0.4627 -0.5453 -0.6227 -0.6941 -0.7588 -0.8161 -0.8657 -0.9069 -0.9393 -0.9627 -0.9769 -0.9816 -0.9769 -0.9627 -0.9393 -0.9069 -0.8657 -0.8162 -0.7588 -0.6941 -0.6227 -0.5453 -0.4627 -0.3756 -0.2849 -0.1915 -0.0962
  0.0939  0.1869  0.2780  0.3665  0.4515  0.5321  0.6076  0.6772  0.7404  0.7964  0.8447  0.8849  0.9165  0.9394  0.9532  0.9578  0.9532  0.9394  0.9165  0.8849  0.8447  0.7964  0.7404  0.6773  0.6076  0.5321  0.4515  0.3665  0.2781  0.1869  0.0939  0.0000 -0.0938 -0.1868 -0.2780 -0.3665 -0.4514 -0.5321 -0.6076 -0.6772 -0.7403 -0.7963 -0.8446 -0.8848 -0.9165 -0.9393 -0.9531 -0.9577 -0.9531 -0.9393 -0.9165 -0.8848 -0.8446 -0.7963 -0.7403 -0.6772 -0.6076 -0.5321 -0.4515 -0.3665 -0.2780 -0.1868 -0.0939
  0.0906  0.1804  0.2684  0.3539  0.4359  0.5137  0.5866  0.6538  0.7148  0.7688  0.8155  0.8543  0.8849  0.9069  0.9202  0.9247  0.9202  0.9069  0.8849  0.8543  0.8155  0.7689  0.7148  0.6539  0.5866  0.5137  0.4359  0.3539  0.2684  0.1804  0.0907  0.0000 -0.0906 -0.1804 -0.2684 -0.3538 -0.4359 -0.5137 -0.5866 -0.6538 -0.7147 -0.7688 -0.8155 -0.8543 -0.8848 -0.9069 -0.9202 -0.9246 -0.9202 -0.9069 -0.8848 -0.8543 -0.8155 -0.7688 -0.7148 -0.6538 -0.5866 -0.5137 -0.4359 -0.3538 -0.2684 -0.1804 -0.0906
  0.0865  0.1722  0.2562  0.3378  0.4161  0.4904  0.5600  0.6242  0.6823  0.7339  0.7785  0.8155  0.8447  0.8657  0.8784  0.8827  0.8784  0.8657  0.8447  0.8155  0.7785  0.7339  0.6823  0.6242  0.5600  0.4904  0.4161  0.3378  0.2563  0.1722  0.0865  0.0000 -0.0865 -0.1722 -0.2562 -0.3378 -0.4161 -0.4904 -0.5599 -0.6241 -0.6823 -0.7339 -0.7784 -0.8155 -0.8446 -0.8657 -0.8784 -0.8827 -0.8784 -0.8657 -0.8447 -0.8155 -0.7784 -0.7339 -0.6823 -0.6241 -0.5600 -0.4904 -0.4161 -0.3378 -0.2562 -0.1722 -0.0865
  0.0816  0.1624  0.2416  0.3185  0.3923  0.4623  0.5279  0.5885  0.6433  0.6919  0.7339  0.7689  0.7964  0.8162  0.8282  0.8322  0.8282  0.8162  0.7964  0.7689  0.7339  0.6920  0.6433  0.5885  0.5280  0.4624  0.3923  0.3185  0.2416  0.1624  0.0816  0.0000 -0.0816 -0.1623 -0.2416 -0.3184 -0.3923 -0.4623 -0.5279 -0.5884 -0.6433 -0.6919 -0.7339 -0.7688 -0.7963 -0.8162 -0.8282 -0.8322 -0.8282 -0.8162 -0.7963 -0.7688 -0.7339 -0.6919 -0.6433 -0.5884 -0.5279 -0.4623 -0.3923 -0.3185 -0.2416 -0.1623 -0.0816
  0.0758  0.1509  0.2246  0.2961  0.3647  0.4298  0.4908  0.5471  0.5981  0.6433  0.6823  0.7148  0.7404  0.7588  0.7700  0.7737  0.7700  0.7588  0.7404  0.7148  0.6823  0.6433  0.5981  0.5471  0.4908  0.4298  0.3647  0.2961  0.2246  0.1510  0.0758  0.0000 -0.0758 -0.1509 -0.2246 -0.2961 -0.3647 -0.4298 -0.4908 -0.5471 -0.5981 -0.6433 -0.6823 -0.7148 -0.7404 -0.7588 -0.7699 -0.7737 -0.7699 -0.7588 -0.7404 -0.7148 -0.6823 -0.6433 -0.5981 -0.5471 -0.4908 -0.4298 -0.3647 -0.2961 -0.2246 -0.1509 -0.0758
  0.0694  0.1381  0.2054  0.2708  0.3336  0.3932  0.4490  0.5004  0.5471  0.5885  0.6242  0.6539  0.6773  0.6941  0.7043  0.7077  0.7043  0.6941  0.6773  0.6539  0.6242  0.5885  0.5471  0.5004  0.4490  0.3932  0.3336  0.2708  0.2054  0.1381  0.0694  0.0000 -0.0694 -0.1381 -0.2054 -0.2708 -0.3336 -0.3932 -0.4490 -0.5004 -0.5471 -0.5885 -0.6242 -0.6539 -0.6773 -0.6941 -0.7043 -0.7077 -0.7043 -0.6941 -0.6773 -0.6539 -0.6242 -0.5885 -0.5471 -0.5004 -0.4490 -0.3932 -0.3336 -0.2708 -0.2054 -0.1381 -0.0694
  0.0622  0.1239  0.1843  0.2430  0.2993  0.3528  0.4028  0.4490  0.4908  0.5280  0.5600  0.5866  0.6076  0.6228  0.6319  0.6350  0.6319  0.6228  0.6076  0.5866  0.5600  0.5280  0.4908  0.4490  0.4028  0.3528  0.2993  0.2430  0.1843  0.1239  0.0622 -0.0000 -0.0622 -0.1239 -0.1843 -0.2430 -0.2993 -0.3528 -0.4028 -0.4490 -0.4908 -0.5280 -0.5600 -0.5866 -0.6076 -0.6228 -0.6319 -0.6350 -0.6319 -0.6228 -0.6076 -0.5866 -0.5600 -0.5280 -0.4908 -0.4490 -0.4028 -0.3528 -0.2993 -0.2430 -0.1843 -0.1239 -0.0622
  0.0545  0.1085  0.1614  0.2128  0.2621  0.3089  0.3528  0.3932  0.4299  0.4624  0.4904  0.5137  0.5321  0.5454  0.5534  0.5561  0.5534  0.5454  0.5321  0.5137  0.4904  0.4624  0.4298  0.3932  0.3528  0.3089  0.2621  0.2128  0.1614  0.1085  0.0545 -0.0000 -0.0545 -0.1085 -0.1614 -0.2128 -0.2621 -0.3089 -0.3528 -0.3932 -0.4299 -0.4624 -0.4904 -0.5138 -0.5321 -0.5454 -0.5534 -0.5561 -0.5534 -0.5454 -0.5321 -0.5138 -0.4904 -0.4624 -0.4299 -0.3932 -0.3528 -0.3089 -0.2621 -0.2128 -0.1614 -0.1085 -0.0545
  0.0462  0.0921  0.1370  0.1806  0.2224  0.2621  0.2993  0.3336  0.3647  0.3923  0.4161  0.4359  0.4515  0.4628  0.4696  0.4718  0.4696  0.4628  0.4515  0.4359  0.4161  0.3923  0.3647  0.3336  0.2993  0.2621  0.2224  0.1805  0.1370  0.0920  0.0462 -0.0000 -0.0463 -0.0921 -0.1370 -0.1806 -0.2224 -0.2622 -0.2993 -0.3337 -0.3648 -0.3923 -0.4161 -0.4359 -0.4515 -0.4628 -0.4696 -0.4719 -0.4696 -0.4628 -0.4515 -0.4359 -0.4161 -0.3923 -0.3647 -0.3336 -0.2993 -0.2621 -0.2224 -0.1806 -0.1370 -0.0921 -0.0462
  0.0375  0.0747  0.1112  0.1466  0.1806  0.2128  0.2430  0.2709  0.2961  0.3185  0.3378  0.3539  0.3666  0.3757  0.3812  0.3830  0.3812  0.3757  0.3665  0.3539  0.3378  0.3185  0.2961  0.2708  0.2430  0.2128  0.1805  0.1466  0.1112  0.0747  0.0375 -0.0000 -0.0376 -0.0748 -0.1112 -0.1466 -0.1806 -0.2128 -0.2430 -0.2709 -0.2961 -0.3185 -0.3378 -0.3539 -0.3666 -0.3757 -0.3812 -0.3831 -0.3812 -0.3757 -0.3666 -0.3539 -0.3378 -0.3185 -0.2961 -0.2709 -0.2430 -0.2128 -0.1806 -0.1466 -0.1112 -0.0747 -0.0375
  0.0285  0.0567  0.0844  0.1112  0.1370  0.1614  0.1843  0.2055  0.2246  0.2416  0.2563  0.2685  0.2781  0.2850  0.2892  0.2906  0.2892  0.2850  0.2781  0.2684  0.2563  0.2416  0.2246  0.2054  0.1843  0.1614  0.1370  0.1112  0.0843  0.0567  0.0285 -0.0000 -0.0285 -0.0567 -0.0844 -0.1112 -0.1370 -0.1615 -0.1844 -0.2055 -0.2247 -0.2416 -0.2563 -0.2685 -0.2781 -0.2850 -0.2892 -0.2906 -0.2892 -0.2850 -0.2781 -0.2685 -0.2563 -0.2416 -0.2246 -0.2055 -0.1844 -0.1614 -0.1370 -0.1112 -0.0844 -0.0567 -0.0285
  0.0191  0.0381  0.0567  0.0747  0.0921  0.1085  0.1239  0.1381  0.1510  0.1624  0.1722  0.1804  0.1869  0.1915  0.1944  0.1953  0.1944  0.1915  0.1869  0.1804  0.1722  0.1624  0.1510  0.1381  0.1239  0.1085  0.0920  0.0747  0.0567  0.0381  0.0191 -0.0000 -0.0192 -0.0381 -0.0567 -0.0748 -0.0921 -0.1086 -0.1239 -0.1381 -0.1510 -0.1624 -0.1723 -0.1805 -0.1869 -0.1916 -0.1944 -0.1953 -0.1944 -0.1916 -0.1869 -0.1805 -0.1723 -0.1624 -0.1510 -0.1381 -0.1239 -0.1085 -0.0921 -0.0748 -0.0567 -0.0381 -0.0191
  0.0096  0.0191  0.0285  0.0376  0.0463  0.0545  0.0623  0.0694  0.0759  0.0816  0.0866  0.0907  0.0939  0.0963  0.0977  0.0981  0.0977  0.0963  0.0939  0.0907  0.0865  0.0816  0.0758  0.0694  0.0622  0.0545  0.0462  0.0375  0.0285  0.0191  0.0096 -0.0000 -0.0097 -0.0192 -0.0285 -0.0376 -0.0463 -0.0546 -0.0623 -0.0695 -0.0759 -0.0817 -0.0866 -0.0907 -0.0940 -0.0963 -0.0977 -0.0982 -0.0977 -0.0963 -0.0940 -0.0907 -0.0866 -0.0816 -0.0759 -0.0694 -0.0623 -0.0546 -0.0463 -0.0376 -0.0285 -0.0192 -0.0096
  0.0000  0.0000  0.0000  0.0000  0.0000  0.0000  0.0000  0.0000  0.0000  0.0000  0.0000  0.0000  0.0000  0.0000  0.0000  0.0000  0.0000  0.0000  0.0000  0.0000  0.0000  0.0000  0.0000  0.0000 -0.0000 -0.0000 -0.0000 -0.0000 -0.0000 -0.0000 -0.0000 -0.0001 -0.0001 -0.0001 -0.0001 -0.0001 -0.0001 -0.0001 -0.0001 -0.0001 -0.0001 -0.0001 -0.0001 -0.0001 -0.0001 -0.0001 -0.0001 -0.0001 -0.0001 -0.0001 -0.0001 -0.0001 -0.0001 -0.0001 -0.0001 -0.0001 -0.0001 -0.0001 -0.0000 -0.0000 -0.0000 -0.0000 -0.0000
 -0.0096 -0.0191 -0.0285 -0.0375 -0.0462 -0.0545 -0.0622 -0.0693 -0.0758 -0.0815 -0.0865 -0.0906 -0.0938 -0.0962 -0.0976 -0.0981 -0.0976 -0.0962 -0.0938 -0.0906 -0.0865 -0.0816 -0.0758 -0.0694 -0.0622 -0.0545 -0.0463 -0.0376 -0.0285 -0.0192 -0.0097 -0.0001  0.0095  0.0191  0.0284  0.0374  0.0461  0.0544  0.0621  0.0692  0.0757  0.0814  0.0864  0.0905  0.0937  0.0961  0.0975  0.0980  0.0975  0.0961  0.0938  0.0905  0.0864  0.0815  0.0757  0.0693  0.0622  0.0544  0.0462  0.0375  0.0284  0.0191  0.0096
 -0.0191 -0.0381 -0.0567 -0.0747 -0.0920 -0.1084 -0.1238 -0.1380 -0.1509 -0.1623 -0.1722 -0.1803 -0.1868 -0.1915 -0.1943 -0.1952 -0.1943 -0.1915 -0.1868 -0.1804 -0.1722 -0.1623 -0.1509 -0.1381 -0.1239 -0.1085 -0.0921 -0.0748 -0.0567 -0.0381 -0.0192 -0.0001  0.0191  0.0380  0.0566  0.0746  0.0919  0.1084  0.1237  0.1379  0.1508  0.1622  0.1721  0.1803  0.1867  0.1914  0.1942  0.1951  0.1942  0.1914  0.1867  0.1803  0.1721  0.1622  0.1508  0.1380  0.1238  0.1084  0.0920  0.0747  0.0566  0.0381  0.0191
 -0.0285 -0.0567 -0.0843 -0.1112 -0.1369 -0.1614 -0.1843 -0.2054 -0.2245 -0.2415 -0.2562 -0.2684 -0.2780 -0.2849 -0.2891 -0.2905 -0.2891 -0.2849 -0.2780 -0.2684 -0.2562 -0.2416 -0.2246 -0.2054 -0.1843 -0.1614 -0.1370 -0.1112 -0.0844 -0.0567 -0.0285 -0.0001  0.0284  0.0566  0.0842  0.1111  0.1368  0.1613  0.1842  0.2053  0.2244  0.2414  0.2561  0.2683  0.2779  0.2848  0.2890  0.2904  0.2890  0.2848  0.2779  0.2683  0.2561  0.2415  0.2245  0.2053  0.1842  0.1613  0.1369  0.1111  0.0843  0.0567  0.0285
 -0.0375 -0.0747 -0.1112 -0.1465 -0.1805 -0.2128 -0.2429 -0.2708 -0.2960 -0.3184 -0.3377 -0.3538 -0.3665 -0.3756 -0.3811 -0.3830 -0.3811 -0.3756 -0.3665 -0.3538 -0.3378 -0.3184 -0.2961 -0.2708 -0.2430 -0.2128 -0.1806 -0.1466 -0.1112 -0.0748 -0.0376 -0.0001  0.0374  0.0746  0.1111  0.1464  0.1804  0.2126  0.2428  0.2707  0.2959  0.3183  0.3376  0.3537  0.3664  0.3755  0.3810  0.3828  0.3810  0.3755  0.3664  0.3537  0.3377  0.3183  0.2960  0.2707  0.2429  0.2127  0.1805  0.1465  0.1111  0.0747  0.0375
 -0.0462 -0.0920 -0.1369 -0.1805 -0.2224 -0.2621 -0.2993 -0.3336 -0.3647 -0.3922 -0.4160 -0.4358 -0.4514 -0.4627 -0.4695 -0.4717 -0.4695 -0.4627 -0.4514 -0.4359 -0.4161 -0.3923 -0.3647 -0.3336 -0.2993 -0.2621 -0.2224 -0.1806 -0.1370 -0.0921 -0.0463 -0.0001  0.0461  0.0919  0.1368  0.1804  0.2223  0.2620  0.2992  0.3335  0.3645  0.3921  0.4159  0.4357  0.4513  0.4626  0.4694  0.4716  0.4694  0.4626  0.4513  0.4357  0.4160  0.3922  0.3646  0.3335  0.2992  0.2620  0.2223  0.1805  0.1369  0.0920  0.0462
 -0.0545 -0.1085 -0.1614 -0.2128 -0.2621 -0.3089 -0.3527 -0.3931 -0.4298 -0.4623 -0.4903 -0.5137 -0.5320 -0.5453 -0.5533 -0.5560 -0.5533 -0.5453 -0.5321 -0.5137 -0.4904 -0.4623 -0.4298 -0.3932 -0.3528 -0.3089 -0.2622 -0.2128 -0.1615 -0.1086 -0.0546 -0.0001  0.0544  0.1084  0.1613  0.2126  0.2620  0.3088  0.3526  0.3930  0.4297  0.4622  0.4902  0.5135  0.5319  0.5452  0.5532  0.5559  0.5532  0.5452  0.5319  0.5136  0.4902  0.4622  0.4297  0.3931  0.3526  0.3088  0.2620  0.2127  0.1614  0.1084  0.0545
 -0.0622 -0.1239 -0.1843 -0.2429 -0.2993 -0.3527 -0.4028 -0.4489 -0.4908 -0.5279 -0.5599 -0.5865 -0.6075 -0.6227 -0.6318 -0.6349 -0.6318 -0.6227 -0.6076 -0.5866 -0.5599 -0.5279 -0.4908 -0.4490 -0.4028 -0.3528 -0.2993 -0.2430 -0.1844 -0.1239 -0.0623 -0.0001  0.0621  0.1237  0.1842  0.2428  0.2992  0.3526  0.4026  0.4488  0.4906  0.5277  0.5598  0.5864  0.6074  0.6225  0.6317  0.6347  0.6317  0.6226  0.6074  0.5864  0.5598  0.5278  0.4907  0.4488  0.4027  0.3527  0.2992  0.2429  0.1843  0.1238  0.0622
 -0.0694 -0.1381 -0.2054 -0.2708 -0.3336 -0.3931 -0.4489 -0.5004 -0.5470 -0.5884 -0.6241 -0.6538 -0.6772 -0.6941 -0.7042 -0.7077 -0.7043 -0.6941 -0.6772 -0.6538 -0.6241 -0.5884 -0.5471 -0.5004 -0.4490 -0.3932 -0.3337 -0.2709 -0.2055 -0.1381 -0.0695 -0.0001  0.0692  0.1379  0.2053  0.2707  0.3335  0.3930  0.4488  0.5002  0.5469  0.5882  0.6239  0.6536  0.6770  0.6939  0.7041  0.7075  0.7041  0.6939  0.6771  0.6537  0.6240  0.5883  0.5469  0.5003  0.4489  0.3931  0.3335  0.2708  0.2054  0.1380  0.0694
 -0.0758 -0.1509 -0.2246 -0.2960 -0.3647 -0.4298 -0.4908 -0.5470 -0.5980 -0.6432 -0.6823 -0.7147 -0.7403 -0.7587 -0.7699 -0.7736 -0.7699 -0.7588 -0.7403 -0.7147 -0.6823 -0.6433 -0.5981 -0.5471 -0.4908 -0.4299 -0.3648 -0.2961 -0.2247 -0.1510 -0.0759 -0.0001  0.0757  0.1508  0.2244  0.2959  0.3645  0.4297  0.4906  0.5469  0.5979  0.6431  0.6821  0.7146  0.7401  0.7586  0.7697  0.7735  0.7697  0.7586  0.7402  0.7146  0.6822  0.6431  0.5979  0.5469  0.4907  0.4297  0.3646  0.2960  0.2245  0.1509  0.0758
 -0.0816 -0.1623 -0.2415 -0.3184 -0.3922 -0.4623 -0.5279 -0.5884 -0.6432 -0.6919 -0.7339 -0.7688 -0.7963 -0.8161 -0.8281 -0.8321 -0.8281 -0.8161 -0.7963 -0.7688 -0.7339 -0.6919 -0.6433 -0.5885 -0.5280 -0.4624 -0.3923 -0.3185 -0.2416 -0.1624 -0.0817 -0.0001  0.0814  0.1622  0.2414  0.3183  0.3921  0.4622  0.5277  0.5882  0.6431  0.6917  0.7337  0.7686  0.7961  0.8160  0.8280  0.8320  0.8280  0.8160  0.7962  0.7687  0.7337  0.6918  0.6431  0.5883  0.5278  0.4622  0.3922  0.3184  0.2415  0.1623  0.0816
 -0.0865 -0.1722 -0.2562 -0.3378 -0.4161 -0.4903 -0.5599 -0.6241 -0.6823 -0.7339 -0.7784 -0.8154 -0.8446 -0.8657 -0.8784 -0.8826 -0.8784 -0.8657 -0.8446 -0.8155 -0.7784 -0.7339 -0.6823 -0.6242 -0.5600 -0.4904 -0.4161 -0.3378 -0.2563 -0.1723 -0.0866 -0.0001  0.0864  0.1721  0.2561  0.3376  0.4159  0.4902  0.5598  0.6239  0.6821  0.7337  0.7782  0.8153  0.8445  0.8655  0.8782  0.8825  0.8782  0.8655  0.8445  0.8153  0.7783  0.7338  0.6822  0.6240  0.5598  0.4903  0.4160  0.3377  0.2562  0.1722  0.0865
 -0.0906 -0.1804 -0.2684 -0.3538 -0.4358 -0.5137 -0.5866 -0.6538 -0.7147 -0.7688 -0.8154 -0.8542 -0.8848 -0.9068 -0.9202 -0.9246 -0.9202 -0.9069 -0.8848 -0.8543 -0.8155 -0.7688 -0.7148 -0.6539 -0.5866 -0.5138 -0.4359 -0.3539 -0.2685 -0.1805 -0.0907 -0.0001  0.0905  0.1803  0.2683  0.3537  0.4357  0.5135  0.5864  0.6536  0.7146  0.7686  0.8153  0.8541  0.8846  0.9067  0.9200  0.9245  0.9200  0.9067  0.8847  0.8541  0.8153  0.7687  0.7146  0.6537  0.5865  0.5136  0.4358  0.3538  0.2684  0.1804  0.0906
 -0.0939 -0.1868 -0.2780 -0.3665 -0.4514 -0.5321 -0.6075 -0.6772 -0.7403 -0.7963 -0.8446 -0.8848 -0.9165 -0.9393 -0.9531 -0.9577 -0.9531 -0.9393 -0.9165 -0.8848 -0.8446 -0.7963 -0.7404 -0.6773 -0.6076 -0.5321 -0.4515 -0.3666 -0.2781 -0.1869 -0.0940 -0.0001  0.0937  0.1867  0.2779  0.3664  0.4513  0.5319  0.6074  0.6770  0.7401  0.7961  0.8445  0.8846  0.9163  0.9391  0.9529  0.9575  0.9529  0.9392  0.9163  0.8847  0.8445  0.7962  0.7402  0.6771  0.6075  0.5320  0.4514  0.3664  0.2780  0.1868  0.0939
 -0.0962 -0.1915 -0.2849 -0.3756 -0.4627 -0.5453 -0.6227 -0.6941 -0.7587 -0.8161 -0.8657 -0.9068 -0.9393 -0.9627 -0.9768 -0.9816 -0.9768 -0.9627 -0.9393 -0.9069 -0.8657 -0.8162 -0.7588 -0.6941 -0.6228 -0.5454 -0.4628 -0.3757 -0.2850 -0.1916 -0.0963 -0.0001  0.0961  0.1914  0.2848  0.3755  0.4626  0.5452  0.6225  0.6939  0.7586  0.8160  0.8655  0.9067  0.9391  0.9625  0.9767  0.9814  0.9767  0.9626  0.9392  0.9067  0.8655  0.8160  0.7587  0.6940  0.6226  0.5453  0.4626  0.3756  0.2849  0.1915  0.0962
 -0.0976 -0.1943 -0.2891 -0.3811 -0.4695 -0.5533 -0.6318 -0.7043 -0.7699 -0.8281 -0.8784 -0.9202 -0.9531 -0.9768 -0.9912 -0.9960 -0.9912 -0.9769 -0.9531 -0.9202 -0.8784 -0.8282 -0.7699 -0.7043 -0.6319 -0.5534 -0.4696 -0.3812 -0.2892 -0.1944 -0.0977 -0.0001  0.0975  0.1942  0.2890  0.3810  0.4694  0.5532  0.6317  0.7041  0.7697  0.8280  0.8782  0.9200  0.9529  0.9767  0.9910  0.9958  0.9910  0.9767  0.9530  0.9200  0.8783  0.8280  0.7698  0.7042  0.6318  0.5533  0.4694  0.3811  0.2891  0.1943  0.0976
 -0.0981 -0.1952 -0.2905 -0.3830 -0.4718 -0.5560 -0.6349 -0.7077 -0.7736 -0.8321 -0.8826 -0.9246 -0.9577 -0.9816 -0.9960 -1.0008 -0.9960 -0.9816 -0.9577 -0.9246 -0.8827 -0.8322 -0.7737 -0.7077 -0.6350 -0.5561 -0.4719 -0.3831 -0.2906 -0.1953 -0.0982 -0.0001  0.0980  0.1951  0.2904  0.3828  0.4716  0.5559  0.6347  0.7075  0.7735  0.8320  0.8825  0.9245  0.9575  0.9814  0.9958  1.0006  0.9958  0.9814  0.9576  0.9245  0.8825  0.8320  0.7735  0.7076  0.6348  0.5559  0.4717  0.3829  0.2905  0.1952  0.0981
 -0.0976 -0.1943 -0.2891 -0.3811 -0.4695 -0.5533 -0.6318 -0.7043 -0.7699 -0.8281 -0.8784 -0.9202 -0.9531 -0.9768 -0.9912 -0.9960 -0.9912 -0.9769 -0.9531 -0.9202 -0.8784 -0.8282 -0.7699 -0.7043 -0.6319 -0.5534 -0.4696 -0.3812 -0.2892 -0.1944 -0.0977 -0.0001  0.0975  0.1942  0.2890  0.3810  0.4694  0.5532  0.6317  0.7041  0.7697  0.8280  0.8782  0.9200  0.9529  0.9767  0.9910  0.9958  0.9910  0.9767  0.9530  0.9200  0.8783  0.8280  0.7698  0.7042  0.6318  0.5533  0.4694  0.3811  0.2891  0.1943  0.0976
 -0.0962 -0.1915 -0.2849 -0.3756 -0.4627 -0.5453 -0.6227 -0.6941 -0.7588 -0.8161 -0.8657 -0.9068 -0.9393 -0.9627 -0.9768 -0.9816 -0.9769 -0.9627 -0.9393 -0.9069 -0.8657 -0.8162 -0.7588 -0.6941 -0.6228 -0.5454 -0.4628 -0.3757 -0.2850 -0.1916 -0.0963 -0.0001  0.0961  0.1914  0.2848  0.3755  0.4626  0.5452  0.6226  0.6939  0.7586  0.8160  0.8655  0.9067  0.9392  0.9626  0.9767  0.9814  0.9767  0.9626  0.9392  0.9067  0.8656  0.8160  0.7587  0.6940  0.6226  0.5453  0.4627  0.3756  0.2849  0.1915  0.0962
 -0.0939 -0.1868 -0.2780 -0.3665 -0.4515 -0.5321 -0.6076 -0.6772 -0.7403 -0.7963 -0.8446 -0.8848 -0.9165 -0.9393 -0.9531 -0.9577 -0.9531 -0.9393 -0.9165 -0.8848 -0.8447 -0.7963 -0.7404 -0.6773 -0.6076 -0.5321 -0.4515 -0.3666 -0.2781 -0.1869 -0.0940 -0.0001  0.0938  0.1867  0.2779  0.3664  0.4513  0.5319  0.6074  0.6771  0.7402  0.7962  0.8445  0.8847  0.9163  0.9392  0.9530  0.9576  0.9530  0.9392  0.9163  0.8847  0.8445  0.7962  0.7402  0.6771  0.6075  0.5320  0.4514  0.3665  0.2780  0.1868  0.0939
 -0.0906 -0.1804 -0.2684 -0.3538 -0.4359 -0.5137 -0.5866 -0.6538 -0.7147 -0.7688 -0.8154 -0.8542 -0.8848 -0.9069 -0.9202 -0.9246 -0.9202 -0.9069 -0.8848 -0.8543 -0.8155 -0.7688 -0.7148 -0.6539 -0.5866 -0.5138 -0.4359 -0.3539 -0.2685 -0.1805 -0.0907 -0.0001  0.0905  0.1803  0.2683  0.3537  0.4357  0.5136  0.5864  0.6537  0.7146  0.7687  0.8153  0.8541  0.8847  0.9067  0.9200  0.9245  0.9200  0.9067  0.8847  0.8541  0.8153  0.7687  0.7147  0.6537  0.5865  0.5136  0.4358  0.3538  0.2684  0.1804  0.0906
 -0.0865 -0.1722 -0.2562 -0.3378 -0.4161 -0.4904 -0.5599 -0.6241 -0.6823 -0.7339 -0.7784 -0.8154 -0.8446 -0.8657 -0.8784 -0.8826 -0.8784 -0.8657 -0.8446 -0.8155 -0.7784 -0.7339 -0.6823 -0.6242 -0.5600 -0.4904 -0.4161 -0.3378 -0.2563 -0.1723 -0.0866 -0.0001  0.0864  0.1721  0.2561  0.3377  0.4160  0.4902  0.5598  0.6240  0.6822  0.7337  0.7783  0.8153  0.8445  0.8655  0.8783  0.8825  0.8783  0.8656  0.8445  0.8153  0.7783  0.7338  0.6822  0.6240  0.5599  0.4903  0.4160  0.3377  0.2562  0.1722  0.0865
 -0.0816 -0.1623 -0.2416 -0.3184 -0.3923 -0.4623 -0.5279 -0.5884 -0.6432 -0.6919 -0.7339 -0.7688 -0.7963 -0.8161 -0.8281 -0.8321 -0.8281 -0.8162 -0.7963 -0.7688 -0.7339 -0.6919 -0.6433 -0.5885 -0.5280 -0.4624 -0.3923 -0.3185 -0.2416 -0.1624 -0.0816 -0.0001  0.0815  0.1622  0.2415  0.3183  0.3922  0.4622  0.5278  0.5883  0.6431  0.6918  0.7338  0.7687  0.7962  0.8160  0.8280  0.8320  0.8280  0.8160  0.7962  0.7687  0.7338  0.6918  0.6432  0.5883  0.5278  0.4623  0.3922  0.3184  0.2415  0.1623  0.0816
 -0.0758 -0.1509 -0.2246 -0.2961 -0.3647 -0.4298 -0.4908 -0.5470 -0.5980 -0.6432 -0.6823 -0.7147 -0.7403 -0.7588 -0.7699 -0.7736 -0.7699 -0.7588 -0.7403 -0.7148 -0.6823 -0.6433 -0.5981 -0.5471 -0.4908 -0.4299 -0.3647 -0.2961 -0.2246 -0.1510 -0.0759 -0.0001  0.0757  0.1508  0.2245  0.2960  0.3646  0.4297  0.4907  0.5469  0.5979  0.6431  0.6822  0.7146  0.7402  0.7587  0.7698  0.7735  0.7698  0.7587  0.7402  0.7147  0.6822  0.6432  0.5980  0.5470  0.4907  0.4298  0.3646  0.2960  0.2245  0.1509  0.0758
 -0.0694 -0.1381 -0.2054 -0.2708 -0.3336 -0.3932 -0.4489 -0.5004 -0.5470 -0.5884 -0.6241 -0.6538 -0.6772 -0.6941 -0.7043 -0.7077 -0.7043 -0.6941 -0.6772 -0.6538 -0.6241 -0.5884 -0.5471 -0.5004 -0.4490 -0.3932 -0.3336 -0.2709 -0.2055 -0.1381 -0.0694 -0.0001  0.0693  0.1380  0.2053  0.2707  0.3335  0.3931  0.4488  0.5003  0.5469  0.5883  0.6240  0.6537  0.6771  0.6940  0.7042  0.7076  0.7042  0.6940  0.6771  0.6537  0.6240  0.5883  0.5470  0.5003  0.4489  0.3931  0.3336  0.2708  0.2054  0.1380  0.0694
 -0.0622 -0.1239 -0.1843 -0.2430 -0.2993 -0.3527 -0.4028 -0.4489 -0.4908 -0.5279 -0.5599 -0.5866 -0.6076 -0.6227 -0.6318 -0.6349 -0.6319 -0.6227 -0.6076 -0.5866 -0.5600 -0.5279 -0.4908 -0.4490 -0.4028 -0.3528 -0.2993 -0.2430 -0.1844 -0.1239 -0.0623 -0.0001  0.0622  0.1238  0.1842  0.2429  0.2992  0.3526  0.4027  0.4489  0.4907  0.5278  0.5598  0.5865  0.6075  0.6226  0.6318  0.6348  0.6318  0.6226  0.6075  0.5865  0.5599  0.5278  0.4907  0.4489  0.4027  0.3527  0.2993  0.2429  0.1843  0.1239  0.0622
 -0.0545 -0.1085 -0.1614 -0.2128 -0.2621 -0.3089 -0.3527 -0.3932 -0.4298 -0.4623 -0.4904 -0.5137 -0.5321 -0.5453 -0.5533 -0.5560 -0.5533 -0.5453 -0.5321 -0.5137 -0.4904 -0.4623 -0.4298 -0.3932 -0.3528 -0.3089 -0.2621 -0.2128 -0.1614 -0.1085 -0.0546 -0.0001  0.0544  0.1084  0.1613  0.2127  0.2620  0.3088  0.3527  0.3931  0.4297  0.4622  0.4903  0.5136  0.5320  0.5453  0.5533  0.5559  0.5533  0.5453  0.5320  0.5136  0.4903  0.4623  0.4298  0.3931  0.3527  0.3089  0.2621  0.2128  0.1614  0.1085  0.0545
 -0.0462 -0.0920 -0.1369 -0.1805 -0.2224 -0.2621 -0.2993 -0.3336 -0.3647 -0.3923 -0.4161 -0.4359 -0.4515 -0.4627 -0.4695 -0.4718 -0.4695 -0.4627 -0.4515 -0.4359 -0.4161 -0.3923 -0.3647 -0.3336 -0.2993 -0.2621 -0.2224 -0.1806 -0.1370 -0.0921 -0.0463 -0.0000  0.0462  0.0920  0.1369  0.1805  0.2223  0.2620  0.2992  0.3335  0.3646  0.3922  0.4160  0.4358  0.4514  0.4626  0.4694  0.4717  0.4694  0.4627  0.4514  0.4358  0.4160  0.3922  0.3646  0.3336  0.2993  0.2621  0.2224  0.1805  0.1369  0.0920  0.0462
 -0.0375 -0.0747 -0.1112 -0.1466 -0.1805 -0.2128 -0.2430 -0.2708 -0.2961 -0.3184 -0.3378 -0.3538 -0.3665 -0.3756 -0.3811 -0.3830 -0.3812 -0.3756 -0.3665 -0.3538 -0.3378 -0.3185 -0.2961 -0.2708 -0.2430 -0.2128 -0.1806 -0.1466 -0.1112 -0.0748 -0.0376 -0.0000  0.0375  0.0747  0.1111  0.1465  0.1805  0.2127  0.2429  0.2708  0.2960  0.3184  0.3377  0.3538  0.3664  0.3756  0.3811  0.3829  0.3811  0.3756  0.3665  0.3538  0.3377  0.3184  0.2960  0.2708  0.2429  0.2128  0.1805  0.1465  0.1112  0.0747  0.0375
 -0.0285 -0.0567 -0.0843 -0.1112 -0.1369 -0.1614 -0.1843 -0.2054 -0.2246 -0.2416 -0.2562 -0.2684 -0.2780 -0.2849 -0.2891 -0.2905 -0.2891 -0.2849 -0.2780 -0.2684 -0.2562 -0.2416 -0.2246 -0.2054 -0.1843 -0.1614 -0.1370 -0.1112 -0.0844 -0.0567 -0.0285 -0.0000  0.0284  0.0566  0.0843  0.1111  0.1369  0.1614  0.1843  0.2054  0.2245  0.2415  0.2562  0.2684  0.2780  0.2849  0.2891  0.2905  0.2891  0.2849  0.2780  0.2684  0.2562  0.2415  0.2245  0.2054  0.1843  0.1614  0.1369  0.1112  0.0843  0.0567  0.0285
 -0.0191 -0.0381 -0.0567 -0.0747 -0.0920 -0.1085 -0.1239 -0.1381 -0.1509 -0.1623 -0.1722 -0.1804 -0.1868 -0.1915 -0.1943 -0.1952 -0.1943 -0.1915 -0.1868 -0.1804 -0.1722 -0.1623 -0.1509 -0.1381 -0.1239 -0.1085 -0.0921 -0.0747 -0.0567 -0.0381 -0.0192 -0.0000  0.0191  0.0381  0.0567  0.0747  0.0920  0.1084  0.1238  0.1380  0.1509  0.1623  0.1722  0.1804  0.1868  0.1915  0.1943  0.1952  0.1943  0.1915  0.1868  0.1804  0.1722  0.1623  0.1509  0.1380  0.1239  0.1085  0.0920  0.0747  0.0567  0.0381  0.0191
 -0.0096 -0.0191 -0.0285 -0.0375 -0.0462 -0.0545 -0.0622 -0.0694 -0.0758 -0.0816 -0.0865 -0.0906 -0.0939 -0.0962 -0.0976 -0.0981 -0.0976 -0.0962 -0.0939 -0.0906 -0.0865 -0.0816 -0.0758 -0.0694 -0.0622 -0.0545 -0.0462 -0.0375 -0.0285 -0.0191 -0.0096 -0.0000  0.0096  0.0191  0.0285  0.0375  0.0462  0.0545  0.0622  0.0694  0.0758  0.0816  0.0865  0.0906  0.0939  0.0962  0.0976  0.0981  0.0976  0.0962  0.0939  0.0906  0.0865  0.0816  0.0758  0.0694  0.0622  0.0545  0.0462  0.0375  0.0285  0.0191  0.0096];