 l=7;
 d=pow2(l)-1;
 n=d*d;
 maxErr = 0.00032571;
 iter = 3515;
  A=[ 0.0024  0.0048  0.0072  0.0096  0.0119  0.0142  0.0165  0.0188  0.0210  0.0231  0.0252  0.0273  0.0292  0.0311  0.0330  0.0347  0.0364  0.0379  0.0394  0.0408  0.0421  0.0433  0.0444  0.0453  0.0462  0.0470  0.0476  0.0481  0.0485  0.0488  0.0490  0.0491  0.0490  0.0488  0.0485  0.0481  0.0476  0.0470  0.0462  0.0453  0.0444  0.0433  0.0421  0.0408  0.0394  0.0379  0.0364  0.0347  0.0330  0.0311  0.0292  0.0273  0.0252  0.0231  0.0210  0.0188  0.0165  0.0143  0.0119  0.0096  0.0072  0.0048  0.0024  0.0000 -0.0024 -0.0048 -0.0072 -0.0096 -0.0119 -0.0142 -0.0165 -0.0188 -0.0210 -0.0231 -0.0252 -0.0273 -0.0292 -0.0311 -0.0329 -0.0347 -0.0363 -0.0379 -0.0394 -0.0408 -0.0421 -0.0433 -0.0443 -0.0453 -0.0462 -0.0469 -0.0476 -0.0481 -0.0485 -0.0488 -0.0490 -0.0491 -0.0490 -0.0488 -0.0485 -0.0481 -0.0476 -0.0469 -0.0462 -0.0453 -0.0444 -0.0433 -0.0421 -0.0408 -0.0394 -0.0379 -0.0364 -0.0347 -0.0329 -0.0311 -0.0292 -0.0273 -0.0252 -0.0231 -0.0210 -0.0188 -0.0165 -0.0142 -0.0119 -0.0096 -0.0072 -0.0048 -0.0024
  0.0048  0.0096  0.0144  0.0191  0.0238  0.0285  0.0330  0.0375  0.0419  0.0462  0.0504  0.0545  0.0584  0.0622  0.0658  0.0693  0.0726  0.0758  0.0787  0.0815  0.0841  0.0864  0.0886  0.0906  0.0923  0.0938  0.0951  0.0961  0.0970  0.0976  0.0979  0.0980  0.0979  0.0976  0.0970  0.0961  0.0951  0.0938  0.0923  0.0906  0.0886  0.0865  0.0841  0.0815  0.0787  0.0758  0.0726  0.0693  0.0658  0.0622  0.0584  0.0545  0.0504  0.0462  0.0419  0.0375  0.0330  0.0285  0.0238  0.0191  0.0144  0.0096  0.0048  0.0000 -0.0048 -0.0096 -0.0144 -0.0191 -0.0238 -0.0284 -0.0330 -0.0375 -0.0419 -0.0462 -0.0504 -0.0544 -0.0584 -0.0622 -0.0658 -0.0693 -0.0726 -0.0758 -0.0787 -0.0815 -0.0841 -0.0864 -0.0886 -0.0905 -0.0923 -0.0938 -0.0951 -0.0961 -0.0969 -0.0975 -0.0979 -0.0980 -0.0979 -0.0975 -0.0969 -0.0961 -0.0951 -0.0938 -0.0923 -0.0905 -0.0886 -0.0864 -0.0841 -0.0815 -0.0787 -0.0758 -0.0726 -0.0693 -0.0658 -0.0622 -0.0584 -0.0545 -0.0504 -0.0462 -0.0419 -0.0375 -0.0330 -0.0285 -0.0238 -0.0191 -0.0144 -0.0096 -0.0048
  0.0072  0.0144  0.0215  0.0286  0.0357  0.0426  0.0494  0.0562  0.0627  0.0692  0.0754  0.0815  0.0874  0.0931  0.0985  0.1038  0.1087  0.1134  0.1179  0.1220  0.1259  0.1294  0.1327  0.1356  0.1382  0.1404  0.1423  0.1439  0.1452  0.1460  0.1466  0.1467  0.1466  0.1460  0.1452  0.1439  0.1423  0.1404  0.1382  0.1356  0.1327  0.1294  0.1259  0.1220  0.1179  0.1134  0.1087  0.1038  0.0986  0.0931  0.0874  0.0815  0.0755  0.0692  0.0628  0.0562  0.0495  0.0426  0.0357  0.0286  0.0216  0.0144  0.0072  0.0000 -0.0072 -0.0144 -0.0215 -0.0286 -0.0356 -0.0426 -0.0494 -0.0561 -0.0627 -0.0691 -0.0754 -0.0815 -0.0874 -0.0931 -0.0985 -0.1037 -0.1087 -0.1134 -0.1178 -0.1220 -0.1258 -0.1294 -0.1326 -0.1355 -0.1381 -0.1404 -0.1423 -0.1439 -0.1451 -0.1460 -0.1465 -0.1467 -0.1465 -0.1460 -0.1451 -0.1439 -0.1423 -0.1404 -0.1381 -0.1355 -0.1326 -0.1294 -0.1258 -0.1220 -0.1178 -0.1134 -0.1087 -0.1037 -0.0985 -0.0931 -0.0874 -0.0815 -0.0754 -0.0692 -0.0627 -0.0561 -0.0494 -0.0426 -0.0356 -0.0286 -0.0215 -0.0144 -0.0072
  0.0096  0.0191  0.0286  0.0381  0.0474  0.0566  0.0657  0.0747  0.0834  0.0920  0.1003  0.1084  0.1162  0.1238  0.1310  0.1380  0.1446  0.1508  0.1567  0.1622  0.1673  0.1721  0.1764  0.1803  0.1837  0.1867  0.1893  0.1914  0.1930  0.1942  0.1949  0.1951  0.1949  0.1942  0.1930  0.1914  0.1893  0.1867  0.1837  0.1803  0.1764  0.1721  0.1674  0.1622  0.1567  0.1508  0.1446  0.1380  0.1310  0.1238  0.1162  0.1084  0.1003  0.0920  0.0834  0.0747  0.0658  0.0567  0.0474  0.0381  0.0287  0.0192  0.0096  0.0000 -0.0095 -0.0191 -0.0286 -0.0380 -0.0474 -0.0566 -0.0657 -0.0746 -0.0834 -0.0919 -0.1003 -0.1084 -0.1162 -0.1237 -0.1310 -0.1379 -0.1445 -0.1508 -0.1567 -0.1622 -0.1673 -0.1720 -0.1763 -0.1802 -0.1837 -0.1867 -0.1892 -0.1913 -0.1930 -0.1941 -0.1948 -0.1951 -0.1948 -0.1941 -0.1930 -0.1913 -0.1892 -0.1867 -0.1837 -0.1802 -0.1763 -0.1720 -0.1673 -0.1622 -0.1567 -0.1508 -0.1445 -0.1379 -0.1310 -0.1238 -0.1162 -0.1084 -0.1003 -0.0920 -0.0834 -0.0747 -0.0657 -0.0566 -0.0474 -0.0381 -0.0286 -0.0191 -0.0096
  0.0119  0.0238  0.0357  0.0474  0.0590  0.0705  0.0819  0.0930  0.1039  0.1145  0.1249  0.1350  0.1448  0.1542  0.1632  0.1718  0.1800  0.1878  0.1952  0.2020  0.2084  0.2143  0.2197  0.2245  0.2288  0.2325  0.2357  0.2383  0.2404  0.2418  0.2427  0.2430  0.2427  0.2418  0.2404  0.2383  0.2357  0.2325  0.2288  0.2245  0.2197  0.2143  0.2084  0.2021  0.1952  0.1879  0.1801  0.1718  0.1632  0.1542  0.1448  0.1350  0.1250  0.1146  0.1039  0.0930  0.0819  0.0706  0.0591  0.0474  0.0357  0.0239  0.0120  0.0000 -0.0119 -0.0238 -0.0356 -0.0474 -0.0590 -0.0705 -0.0818 -0.0929 -0.1038 -0.1145 -0.1249 -0.1350 -0.1447 -0.1541 -0.1631 -0.1718 -0.1800 -0.1878 -0.1951 -0.2020 -0.2084 -0.2143 -0.2196 -0.2245 -0.2287 -0.2325 -0.2357 -0.2383 -0.2403 -0.2418 -0.2427 -0.2430 -0.2427 -0.2418 -0.2403 -0.2383 -0.2357 -0.2325 -0.2288 -0.2245 -0.2196 -0.2143 -0.2084 -0.2020 -0.1951 -0.1878 -0.1800 -0.1718 -0.1632 -0.1541 -0.1447 -0.1350 -0.1249 -0.1145 -0.1039 -0.0930 -0.0819 -0.0705 -0.0590 -0.0474 -0.0356 -0.0238 -0.0119
  0.0142  0.0285  0.0426  0.0566  0.0705  0.0843  0.0978  0.1111  0.1241  0.1368  0.1492  0.1613  0.1729  0.1842  0.1950  0.2053  0.2151  0.2244  0.2332  0.2414  0.2490  0.2560  0.2624  0.2682  0.2733  0.2778  0.2816  0.2847  0.2872  0.2889  0.2900  0.2903  0.2900  0.2889  0.2872  0.2847  0.2816  0.2778  0.2733  0.2682  0.2624  0.2560  0.2490  0.2414  0.2332  0.2244  0.2151  0.2053  0.1950  0.1842  0.1730  0.1613  0.1493  0.1369  0.1242  0.1111  0.0978  0.0843  0.0706  0.0567  0.0426  0.0285  0.0143  0.0000 -0.0142 -0.0284 -0.0425 -0.0566 -0.0705 -0.0842 -0.0977 -0.1110 -0.1241 -0.1368 -0.1492 -0.1612 -0.1729 -0.1841 -0.1949 -0.2052 -0.2150 -0.2243 -0.2331 -0.2413 -0.2489 -0.2560 -0.2624 -0.2681 -0.2733 -0.2777 -0.2815 -0.2847 -0.2871 -0.2889 -0.2899 -0.2903 -0.2899 -0.2889 -0.2871 -0.2847 -0.2816 -0.2778 -0.2733 -0.2682 -0.2624 -0.2560 -0.2490 -0.2413 -0.2331 -0.2244 -0.2151 -0.2052 -0.1949 -0.1841 -0.1729 -0.1613 -0.1492 -0.1368 -0.1241 -0.1111 -0.0978 -0.0843 -0.0705 -0.0566 -0.0426 -0.0285 -0.0142
  0.0165  0.0330  0.0494  0.0657  0.0819  0.0978  0.1135  0.1289  0.1440  0.1588  0.1732  0.1872  0.2007  0.2137  0.2263  0.2382  0.2496  0.2604  0.2706  0.2801  0.2890  0.2971  0.3046  0.3113  0.3172  0.3224  0.3268  0.3304  0.3333  0.3353  0.3365  0.3369  0.3365  0.3353  0.3333  0.3305  0.3268  0.3224  0.3172  0.3113  0.3046  0.2972  0.2890  0.2802  0.2706  0.2605  0.2497  0.2383  0.2263  0.2138  0.2007  0.1872  0.1732  0.1589  0.1441  0.1290  0.1135  0.0978  0.0819  0.0658  0.0495  0.0331  0.0166  0.0001 -0.0165 -0.0330 -0.0494 -0.0657 -0.0818 -0.0977 -0.1134 -0.1289 -0.1440 -0.1588 -0.1731 -0.1871 -0.2006 -0.2137 -0.2262 -0.2382 -0.2496 -0.2604 -0.2705 -0.2801 -0.2889 -0.2971 -0.3045 -0.3112 -0.3172 -0.3223 -0.3267 -0.3304 -0.3332 -0.3352 -0.3364 -0.3369 -0.3364 -0.3352 -0.3332 -0.3304 -0.3268 -0.3224 -0.3172 -0.3112 -0.3045 -0.2971 -0.2889 -0.2801 -0.2706 -0.2604 -0.2496 -0.2382 -0.2262 -0.2137 -0.2007 -0.1872 -0.1732 -0.1588 -0.1440 -0.1289 -0.1135 -0.0978 -0.0819 -0.0657 -0.0494 -0.0330 -0.0165
  0.0188  0.0375  0.0562  0.0747  0.0930  0.1111  0.1289  0.1465  0.1636  0.1804  0.1968  0.2126  0.2280  0.2428  0.2570  0.2706  0.2836  0.2958  0.3074  0.3182  0.3283  0.3375  0.3460  0.3536  0.3603  0.3662  0.3712  0.3754  0.3786  0.3809  0.3823  0.3827  0.3823  0.3809  0.3786  0.3754  0.3713  0.3662  0.3604  0.3536  0.3460  0.3375  0.3283  0.3182  0.3074  0.2959  0.2836  0.2707  0.2570  0.2428  0.2280  0.2127  0.1968  0.1805  0.1637  0.1465  0.1290  0.1111  0.0930  0.0747  0.0562  0.0376  0.0188  0.0001 -0.0187 -0.0374 -0.0561 -0.0746 -0.0929 -0.1110 -0.1289 -0.1464 -0.1636 -0.1803 -0.1967 -0.2125 -0.2279 -0.2427 -0.2569 -0.2705 -0.2835 -0.2958 -0.3073 -0.3181 -0.3282 -0.3374 -0.3459 -0.3535 -0.3603 -0.3662 -0.3712 -0.3753 -0.3785 -0.3808 -0.3822 -0.3826 -0.3822 -0.3808 -0.3785 -0.3753 -0.3712 -0.3662 -0.3603 -0.3535 -0.3459 -0.3375 -0.3282 -0.3182 -0.3073 -0.2958 -0.2835 -0.2706 -0.2570 -0.2428 -0.2279 -0.2126 -0.1967 -0.1804 -0.1636 -0.1464 -0.1289 -0.1111 -0.0930 -0.0747 -0.0561 -0.0375 -0.0188
  0.0210  0.0419  0.0627  0.0834  0.1039  0.1241  0.1440  0.1636  0.1828  0.2016  0.2198  0.2376  0.2547  0.2713  0.2871  0.3023  0.3168  0.3305  0.3434  0.3555  0.3668  0.3771  0.3865  0.3950  0.4026  0.4092  0.4148  0.4194  0.4230  0.4255  0.4271  0.4276  0.4271  0.4255  0.4230  0.4194  0.4148  0.4092  0.4026  0.3951  0.3866  0.3771  0.3668  0.3556  0.3435  0.3306  0.3169  0.3024  0.2872  0.2713  0.2548  0.2376  0.2199  0.2016  0.1829  0.1637  0.1441  0.1242  0.1040  0.0835  0.0628  0.0420  0.0210  0.0001 -0.0209 -0.0418 -0.0627 -0.0833 -0.1038 -0.1240 -0.1440 -0.1635 -0.1827 -0.2015 -0.2197 -0.2375 -0.2546 -0.2712 -0.2871 -0.3023 -0.3167 -0.3304 -0.3434 -0.3554 -0.3667 -0.3770 -0.3864 -0.3950 -0.4025 -0.4091 -0.4147 -0.4193 -0.4229 -0.4254 -0.4270 -0.4275 -0.4270 -0.4254 -0.4229 -0.4193 -0.4147 -0.4091 -0.4025 -0.3950 -0.3865 -0.3770 -0.3667 -0.3555 -0.3434 -0.3305 -0.3168 -0.3023 -0.2871 -0.2712 -0.2547 -0.2375 -0.2198 -0.2015 -0.1828 -0.1636 -0.1440 -0.1241 -0.1039 -0.0834 -0.0627 -0.0419 -0.0210
  0.0231  0.0462  0.0692  0.0920  0.1145  0.1368  0.1588  0.1804  0.2016  0.2222  0.2424  0.2619  0.2808  0.2991  0.3166  0.3333  0.3493  0.3644  0.3787  0.3920  0.4044  0.4158  0.4262  0.4355  0.4439  0.4511  0.4573  0.4624  0.4663  0.4692  0.4709  0.4714  0.4709  0.4692  0.4663  0.4624  0.4573  0.4512  0.4439  0.4356  0.4262  0.4158  0.4044  0.3920  0.3787  0.3645  0.3493  0.3334  0.3166  0.2991  0.2809  0.2620  0.2424  0.2223  0.2016  0.1805  0.1589  0.1369  0.1146  0.0920  0.0692  0.0463  0.0232  0.0001 -0.0231 -0.0461 -0.0691 -0.0919 -0.1145 -0.1368 -0.1587 -0.1803 -0.2015 -0.2221 -0.2423 -0.2618 -0.2807 -0.2990 -0.3165 -0.3333 -0.3492 -0.3643 -0.3786 -0.3919 -0.4043 -0.4157 -0.4261 -0.4354 -0.4438 -0.4510 -0.4572 -0.4623 -0.4662 -0.4691 -0.4708 -0.4713 -0.4708 -0.4691 -0.4662 -0.4623 -0.4572 -0.4511 -0.4438 -0.4355 -0.4261 -0.4157 -0.4043 -0.3919 -0.3786 -0.3644 -0.3493 -0.3333 -0.3165 -0.2990 -0.2808 -0.2619 -0.2423 -0.2222 -0.2015 -0.1804 -0.1588 -0.1368 -0.1145 -0.0920 -0.0692 -0.0462 -0.0231
  0.0252  0.0504  0.0754  0.1003  0.1249  0.1492  0.1732  0.1968  0.2198  0.2424  0.2643  0.2856  0.3063  0.3262  0.3453  0.3635  0.3810  0.3974  0.4130  0.4275  0.4410  0.4534  0.4648  0.4750  0.4841  0.4920  0.4987  0.5043  0.5086  0.5117  0.5135  0.5142  0.5135  0.5117  0.5086  0.5043  0.4988  0.4920  0.4841  0.4750  0.4648  0.4535  0.4410  0.4275  0.4130  0.3975  0.3810  0.3636  0.3453  0.3262  0.3063  0.2857  0.2644  0.2424  0.2199  0.1968  0.1733  0.1493  0.1250  0.1004  0.0755  0.0505  0.0253  0.0001 -0.0251 -0.0503 -0.0754 -0.1002 -0.1248 -0.1492 -0.1731 -0.1967 -0.2197 -0.2423 -0.2642 -0.2855 -0.3062 -0.3261 -0.3452 -0.3634 -0.3808 -0.3973 -0.4129 -0.4274 -0.4409 -0.4533 -0.4647 -0.4749 -0.4840 -0.4919 -0.4986 -0.5042 -0.5085 -0.5116 -0.5134 -0.5140 -0.5134 -0.5116 -0.5085 -0.5042 -0.4986 -0.4919 -0.4840 -0.4749 -0.4647 -0.4534 -0.4409 -0.4274 -0.4129 -0.3974 -0.3809 -0.3635 -0.3452 -0.3261 -0.3062 -0.2856 -0.2643 -0.2423 -0.2198 -0.1967 -0.1732 -0.1492 -0.1249 -0.1003 -0.0754 -0.0504 -0.0252
  0.0273  0.0545  0.0815  0.1084  0.1350  0.1613  0.1872  0.2126  0.2376  0.2619  0.2856  0.3087  0.3310  0.3525  0.3731  0.3929  0.4117  0.4295  0.4463  0.4620  0.4766  0.4900  0.5023  0.5133  0.5231  0.5317  0.5390  0.5449  0.5496  0.5529  0.5550  0.5556  0.5550  0.5530  0.5496  0.5450  0.5390  0.5317  0.5232  0.5133  0.5023  0.4900  0.4766  0.4620  0.4463  0.4295  0.4117  0.3929  0.3732  0.3525  0.3310  0.3087  0.2857  0.2620  0.2376  0.2127  0.1873  0.1614  0.1351  0.1085  0.0816  0.0545  0.0274  0.0001 -0.0272 -0.0544 -0.0814 -0.1083 -0.1349 -0.1612 -0.1871 -0.2125 -0.2374 -0.2618 -0.2855 -0.3086 -0.3309 -0.3524 -0.3730 -0.3928 -0.4116 -0.4294 -0.4462 -0.4619 -0.4764 -0.4899 -0.5022 -0.5132 -0.5230 -0.5316 -0.5388 -0.5448 -0.5495 -0.5528 -0.5548 -0.5555 -0.5548 -0.5528 -0.5495 -0.5448 -0.5389 -0.5316 -0.5230 -0.5132 -0.5022 -0.4899 -0.4765 -0.4619 -0.4462 -0.4294 -0.4116 -0.3928 -0.3731 -0.3524 -0.3309 -0.3086 -0.2856 -0.2619 -0.2375 -0.2126 -0.1872 -0.1613 -0.1350 -0.1084 -0.0815 -0.0545 -0.0273
  0.0292  0.0584  0.0874  0.1162  0.1448  0.1729  0.2007  0.2280  0.2547  0.2808  0.3063  0.3310  0.3549  0.3779  0.4001  0.4213  0.4414  0.4605  0.4785  0.4953  0.5110  0.5254  0.5385  0.5504  0.5609  0.5701  0.5779  0.5843  0.5893  0.5929  0.5950  0.5958  0.5950  0.5929  0.5893  0.5843  0.5779  0.5701  0.5609  0.5504  0.5386  0.5254  0.5110  0.4954  0.4786  0.4606  0.4415  0.4213  0.4001  0.3780  0.3549  0.3310  0.3063  0.2809  0.2548  0.2281  0.2008  0.1730  0.1448  0.1163  0.0875  0.0585  0.0293  0.0001 -0.0291 -0.0583 -0.0873 -0.1161 -0.1446 -0.1728 -0.2006 -0.2279 -0.2546 -0.2807 -0.3062 -0.3309 -0.3548 -0.3778 -0.4000 -0.4211 -0.4413 -0.4604 -0.4784 -0.4952 -0.5109 -0.5253 -0.5384 -0.5503 -0.5608 -0.5700 -0.5778 -0.5842 -0.5892 -0.5928 -0.5949 -0.5956 -0.5949 -0.5928 -0.5892 -0.5842 -0.5778 -0.5700 -0.5608 -0.5503 -0.5385 -0.5253 -0.5109 -0.4953 -0.4784 -0.4604 -0.4413 -0.4212 -0.4000 -0.3779 -0.3548 -0.3309 -0.3062 -0.2808 -0.2547 -0.2279 -0.2007 -0.1729 -0.1447 -0.1162 -0.0874 -0.0584 -0.0292
  0.0311  0.0622  0.0931  0.1238  0.1542  0.1842  0.2137  0.2428  0.2713  0.2991  0.3262  0.3525  0.3779  0.4025  0.4261  0.4486  0.4701  0.4904  0.5096  0.5275  0.5442  0.5595  0.5735  0.5862  0.5974  0.6071  0.6154  0.6223  0.6276  0.6314  0.6337  0.6345  0.6337  0.6314  0.6276  0.6223  0.6155  0.6072  0.5974  0.5862  0.5736  0.5596  0.5442  0.5276  0.5096  0.4905  0.4701  0.4487  0.4261  0.4025  0.3780  0.3525  0.3262  0.2991  0.2713  0.2429  0.2138  0.1843  0.1542  0.1239  0.0932  0.0623  0.0312  0.0001 -0.0310 -0.0621 -0.0930 -0.1237 -0.1540 -0.1841 -0.2136 -0.2427 -0.2711 -0.2990 -0.3260 -0.3524 -0.3778 -0.4024 -0.4259 -0.4485 -0.4700 -0.4903 -0.5095 -0.5274 -0.5440 -0.5594 -0.5734 -0.5860 -0.5972 -0.6070 -0.6153 -0.6221 -0.6275 -0.6313 -0.6336 -0.6343 -0.6336 -0.6313 -0.6275 -0.6221 -0.6153 -0.6070 -0.5973 -0.5860 -0.5734 -0.5594 -0.5441 -0.5274 -0.5095 -0.4904 -0.4700 -0.4485 -0.4260 -0.4024 -0.3779 -0.3524 -0.3261 -0.2990 -0.2712 -0.2428 -0.2137 -0.1841 -0.1541 -0.1238 -0.0931 -0.0622 -0.0311
  0.0330  0.0658  0.0985  0.1310  0.1632  0.1950  0.2263  0.2570  0.2871  0.3166  0.3453  0.3731  0.4001  0.4261  0.4510  0.4749  0.4976  0.5192  0.5394  0.5584  0.5761  0.5923  0.6071  0.6205  0.6324  0.6427  0.6515  0.6587  0.6644  0.6684  0.6708  0.6716  0.6708  0.6684  0.6644  0.6587  0.6515  0.6427  0.6324  0.6205  0.6072  0.5923  0.5761  0.5585  0.5395  0.5192  0.4977  0.4750  0.4511  0.4261  0.4001  0.3732  0.3454  0.3167  0.2872  0.2571  0.2263  0.1950  0.1633  0.1311  0.0986  0.0659  0.0331  0.0001 -0.0328 -0.0657 -0.0984 -0.1309 -0.1631 -0.1948 -0.2261 -0.2569 -0.2870 -0.3165 -0.3451 -0.3730 -0.3999 -0.4259 -0.4509 -0.4748 -0.4975 -0.5190 -0.5393 -0.5583 -0.5759 -0.5922 -0.6070 -0.6204 -0.6322 -0.6426 -0.6514 -0.6586 -0.6642 -0.6682 -0.6707 -0.6715 -0.6707 -0.6683 -0.6642 -0.6586 -0.6514 -0.6426 -0.6322 -0.6204 -0.6070 -0.5922 -0.5760 -0.5583 -0.5394 -0.5191 -0.4976 -0.4748 -0.4510 -0.4260 -0.4000 -0.3731 -0.3452 -0.3165 -0.2871 -0.2570 -0.2262 -0.1949 -0.1632 -0.1310 -0.0985 -0.0658 -0.0329
  0.0347  0.0693  0.1038  0.1380  0.1718  0.2053  0.2382  0.2706  0.3023  0.3333  0.3635  0.3929  0.4213  0.4486  0.4749  0.5000  0.5240  0.5466  0.5680  0.5880  0.6066  0.6237  0.6393  0.6533  0.6658  0.6767  0.6860  0.6936  0.6995  0.7038  0.7063  0.7072  0.7063  0.7038  0.6995  0.6936  0.6860  0.6767  0.6659  0.6534  0.6393  0.6237  0.6066  0.5880  0.5681  0.5467  0.5240  0.5001  0.4750  0.4487  0.4213  0.3930  0.3636  0.3334  0.3024  0.2707  0.2383  0.2054  0.1719  0.1381  0.1039  0.0694  0.0348  0.0001 -0.0346 -0.0692 -0.1036 -0.1378 -0.1717 -0.2051 -0.2381 -0.2705 -0.3022 -0.3332 -0.3634 -0.3927 -0.4211 -0.4485 -0.4748 -0.4999 -0.5238 -0.5465 -0.5679 -0.5878 -0.6064 -0.6235 -0.6391 -0.6532 -0.6657 -0.6766 -0.6858 -0.6934 -0.6994 -0.7036 -0.7062 -0.7070 -0.7062 -0.7036 -0.6994 -0.6935 -0.6859 -0.6766 -0.6657 -0.6532 -0.6392 -0.6236 -0.6065 -0.5879 -0.5679 -0.5466 -0.5239 -0.5000 -0.4748 -0.4486 -0.4212 -0.3928 -0.3635 -0.3333 -0.3023 -0.2706 -0.2382 -0.2052 -0.1718 -0.1379 -0.1037 -0.0693 -0.0347
  0.0364  0.0726  0.1087  0.1446  0.1800  0.2151  0.2496  0.2836  0.3168  0.3493  0.3810  0.4117  0.4414  0.4701  0.4976  0.5240  0.5490  0.5728  0.5952  0.6161  0.6356  0.6535  0.6699  0.6846  0.6977  0.7091  0.7188  0.7268  0.7330  0.7375  0.7401  0.7410  0.7401  0.7375  0.7330  0.7268  0.7188  0.7091  0.6977  0.6846  0.6699  0.6536  0.6356  0.6162  0.5952  0.5729  0.5491  0.5240  0.4977  0.4702  0.4415  0.4118  0.3810  0.3494  0.3169  0.2837  0.2497  0.2152  0.1802  0.1447  0.1088  0.0727  0.0365  0.0001 -0.0362 -0.0725 -0.1086 -0.1444 -0.1799 -0.2150 -0.2495 -0.2834 -0.3167 -0.3492 -0.3808 -0.4115 -0.4413 -0.4699 -0.4975 -0.5238 -0.5489 -0.5727 -0.5950 -0.6160 -0.6354 -0.6534 -0.6697 -0.6845 -0.6975 -0.7090 -0.7187 -0.7266 -0.7328 -0.7373 -0.7400 -0.7409 -0.7400 -0.7373 -0.7329 -0.7266 -0.7187 -0.7090 -0.6976 -0.6845 -0.6698 -0.6534 -0.6355 -0.6160 -0.5951 -0.5727 -0.5490 -0.5239 -0.4976 -0.4700 -0.4414 -0.4116 -0.3809 -0.3493 -0.3168 -0.2835 -0.2496 -0.2151 -0.1800 -0.1445 -0.1087 -0.0726 -0.0364
  0.0379  0.0758  0.1134  0.1508  0.1878  0.2244  0.2604  0.2958  0.3305  0.3644  0.3974  0.4295  0.4605  0.4904  0.5192  0.5466  0.5728  0.5976  0.6209  0.6428  0.6631  0.6818  0.6989  0.7142  0.7279  0.7398  0.7499  0.7582  0.7647  0.7694  0.7722  0.7731  0.7722  0.7694  0.7647  0.7582  0.7499  0.7398  0.7279  0.7143  0.6989  0.6818  0.6631  0.6428  0.6210  0.5977  0.5729  0.5467  0.5192  0.4905  0.4606  0.4296  0.3975  0.3645  0.3306  0.2959  0.2605  0.2245  0.1879  0.1509  0.1135  0.0759  0.0381  0.0001 -0.0378 -0.0756 -0.1133 -0.1507 -0.1877 -0.2243 -0.2603 -0.2957 -0.3304 -0.3643 -0.3973 -0.4293 -0.4604 -0.4903 -0.5190 -0.5465 -0.5727 -0.5974 -0.6208 -0.6426 -0.6629 -0.6816 -0.6987 -0.7141 -0.7277 -0.7396 -0.7498 -0.7581 -0.7646 -0.7692 -0.7720 -0.7729 -0.7720 -0.7692 -0.7646 -0.7581 -0.7498 -0.7397 -0.7278 -0.7141 -0.6987 -0.6817 -0.6630 -0.6427 -0.6208 -0.5975 -0.5727 -0.5466 -0.5191 -0.4904 -0.4604 -0.4294 -0.3974 -0.3644 -0.3305 -0.2958 -0.2604 -0.2244 -0.1878 -0.1508 -0.1134 -0.0758 -0.0379
  0.0394  0.0787  0.1179  0.1567  0.1952  0.2332  0.2706  0.3074  0.3434  0.3787  0.4130  0.4463  0.4785  0.5096  0.5394  0.5680  0.5952  0.6209  0.6452  0.6679  0.6890  0.7084  0.7262  0.7421  0.7563  0.7687  0.7792  0.7878  0.7946  0.7994  0.8023  0.8033  0.8023  0.7994  0.7946  0.7879  0.7792  0.7687  0.7564  0.7422  0.7262  0.7085  0.6890  0.6680  0.6453  0.6210  0.5953  0.5681  0.5395  0.5097  0.4786  0.4464  0.4131  0.3788  0.3435  0.3075  0.2707  0.2333  0.1953  0.1568  0.1180  0.0789  0.0395  0.0001 -0.0393 -0.0786 -0.1177 -0.1566 -0.1950 -0.2330 -0.2705 -0.3072 -0.3433 -0.3785 -0.4128 -0.4461 -0.4784 -0.5094 -0.5393 -0.5678 -0.5950 -0.6208 -0.6450 -0.6677 -0.6888 -0.7083 -0.7260 -0.7420 -0.7562 -0.7685 -0.7790 -0.7877 -0.7944 -0.7993 -0.8022 -0.8031 -0.8022 -0.7993 -0.7944 -0.7877 -0.7791 -0.7686 -0.7562 -0.7420 -0.7260 -0.7083 -0.6889 -0.6678 -0.6451 -0.6208 -0.5951 -0.5679 -0.5394 -0.5095 -0.4784 -0.4462 -0.4129 -0.3786 -0.3434 -0.3074 -0.2706 -0.2331 -0.1952 -0.1567 -0.1178 -0.0787 -0.0394
  0.0408  0.0815  0.1220  0.1622  0.2020  0.2414  0.2801  0.3182  0.3555  0.3920  0.4275  0.4620  0.4953  0.5275  0.5584  0.5880  0.6161  0.6428  0.6679  0.6914  0.7132  0.7334  0.7517  0.7682  0.7829  0.7957  0.8066  0.8156  0.8226  0.8275  0.8306  0.8316  0.8306  0.8276  0.8226  0.8156  0.8067  0.7958  0.7830  0.7683  0.7517  0.7334  0.7133  0.6915  0.6680  0.6429  0.6162  0.5881  0.5585  0.5276  0.4954  0.4621  0.4276  0.3921  0.3556  0.3183  0.2802  0.2415  0.2022  0.1623  0.1221  0.0816  0.0409  0.0001 -0.0407 -0.0814 -0.1219 -0.1621 -0.2019 -0.2412 -0.2800 -0.3181 -0.3554 -0.3918 -0.4273 -0.4618 -0.4952 -0.5274 -0.5583 -0.5878 -0.6160 -0.6426 -0.6677 -0.6912 -0.7131 -0.7332 -0.7515 -0.7681 -0.7828 -0.7956 -0.8065 -0.8154 -0.8224 -0.8274 -0.8304 -0.8314 -0.8304 -0.8274 -0.8224 -0.8154 -0.8065 -0.7956 -0.7828 -0.7681 -0.7516 -0.7332 -0.7131 -0.6913 -0.6678 -0.6427 -0.6160 -0.5879 -0.5583 -0.5274 -0.4953 -0.4619 -0.4274 -0.3919 -0.3555 -0.3182 -0.2801 -0.2413 -0.2020 -0.1622 -0.1220 -0.0815 -0.0408
  0.0421  0.0841  0.1259  0.1673  0.2084  0.2490  0.2890  0.3283  0.3668  0.4044  0.4410  0.4766  0.5110  0.5442  0.5761  0.6066  0.6356  0.6631  0.6890  0.7132  0.7358  0.7565  0.7754  0.7925  0.8077  0.8209  0.8321  0.8413  0.8485  0.8537  0.8568  0.8578  0.8568  0.8537  0.8485  0.8414  0.8321  0.8209  0.8077  0.7926  0.7755  0.7566  0.7358  0.7133  0.6891  0.6632  0.6357  0.6066  0.5761  0.5443  0.5111  0.4767  0.4411  0.4045  0.3669  0.3284  0.2891  0.2491  0.2085  0.1675  0.1260  0.0842  0.0422  0.0001 -0.0420 -0.0839 -0.1257 -0.1672 -0.2083 -0.2489 -0.2888 -0.3281 -0.3666 -0.4042 -0.4408 -0.4764 -0.5108 -0.5440 -0.5759 -0.6064 -0.6354 -0.6629 -0.6888 -0.7131 -0.7356 -0.7563 -0.7753 -0.7923 -0.8075 -0.8207 -0.8319 -0.8412 -0.8484 -0.8535 -0.8566 -0.8576 -0.8566 -0.8535 -0.8484 -0.8412 -0.8320 -0.8207 -0.8075 -0.7924 -0.7753 -0.7564 -0.7356 -0.7131 -0.6889 -0.6630 -0.6355 -0.6065 -0.5760 -0.5441 -0.5109 -0.4765 -0.4409 -0.4043 -0.3667 -0.3282 -0.2889 -0.2490 -0.2084 -0.1673 -0.1258 -0.0841 -0.0421
  0.0433  0.0864  0.1294  0.1721  0.2143  0.2560  0.2971  0.3375  0.3771  0.4158  0.4534  0.4900  0.5254  0.5595  0.5923  0.6237  0.6535  0.6818  0.7084  0.7334  0.7565  0.7779  0.7973  0.8149  0.8304  0.8440  0.8556  0.8651  0.8725  0.8778  0.8810  0.8820  0.8810  0.8778  0.8725  0.8651  0.8556  0.8441  0.8305  0.8149  0.7974  0.7779  0.7566  0.7334  0.7085  0.6819  0.6536  0.6237  0.5924  0.5596  0.5255  0.4901  0.4535  0.4159  0.3772  0.3376  0.2973  0.2561  0.2144  0.1722  0.1295  0.0866  0.0434  0.0001 -0.0431 -0.0863 -0.1293 -0.1719 -0.2142 -0.2559 -0.2970 -0.3374 -0.3769 -0.4156 -0.4533 -0.4898 -0.5252 -0.5594 -0.5921 -0.6235 -0.6533 -0.6816 -0.7082 -0.7332 -0.7563 -0.7777 -0.7971 -0.8147 -0.8303 -0.8438 -0.8554 -0.8649 -0.8723 -0.8776 -0.8808 -0.8818 -0.8808 -0.8776 -0.8723 -0.8649 -0.8554 -0.8439 -0.8303 -0.8147 -0.7972 -0.7777 -0.7564 -0.7332 -0.7083 -0.6817 -0.6534 -0.6236 -0.5922 -0.5594 -0.5253 -0.4899 -0.4534 -0.4157 -0.3770 -0.3375 -0.2971 -0.2560 -0.2143 -0.1720 -0.1294 -0.0864 -0.0433
  0.0444  0.0886  0.1327  0.1764  0.2197  0.2624  0.3046  0.3460  0.3865  0.4262  0.4648  0.5023  0.5385  0.5735  0.6071  0.6393  0.6699  0.6989  0.7262  0.7517  0.7754  0.7973  0.8173  0.8353  0.8512  0.8651  0.8770  0.8867  0.8943  0.8997  0.9030  0.9041  0.9030  0.8997  0.8943  0.8867  0.8770  0.8652  0.8513  0.8353  0.8173  0.7974  0.7755  0.7518  0.7262  0.6989  0.6699  0.6394  0.6072  0.5736  0.5386  0.5024  0.4649  0.4263  0.3866  0.3461  0.3047  0.2626  0.2198  0.1765  0.1328  0.0888  0.0445  0.0001 -0.0442 -0.0885 -0.1325 -0.1762 -0.2195 -0.2623 -0.3044 -0.3458 -0.3864 -0.4260 -0.4646 -0.5021 -0.5384 -0.5734 -0.6070 -0.6391 -0.6697 -0.6987 -0.7260 -0.7515 -0.7753 -0.7971 -0.8171 -0.8351 -0.8510 -0.8650 -0.8768 -0.8865 -0.8941 -0.8995 -0.9028 -0.9039 -0.9028 -0.8996 -0.8941 -0.8865 -0.8768 -0.8650 -0.8511 -0.8351 -0.8171 -0.7972 -0.7753 -0.7516 -0.7260 -0.6987 -0.6698 -0.6392 -0.6070 -0.5734 -0.5385 -0.5022 -0.4647 -0.4261 -0.3865 -0.3459 -0.3045 -0.2624 -0.2196 -0.1763 -0.1326 -0.0886 -0.0444
  0.0453  0.0906  0.1356  0.1803  0.2245  0.2682  0.3113  0.3536  0.3950  0.4355  0.4750  0.5133  0.5504  0.5862  0.6205  0.6533  0.6846  0.7142  0.7421  0.7682  0.7925  0.8149  0.8353  0.8536  0.8700  0.8842  0.8963  0.9062  0.9140  0.9195  0.9229  0.9240  0.9229  0.9195  0.9140  0.9062  0.8963  0.8842  0.8700  0.8537  0.8353  0.8149  0.7926  0.7683  0.7422  0.7143  0.6847  0.6534  0.6206  0.5862  0.5505  0.5134  0.4751  0.4357  0.3952  0.3537  0.3114  0.2683  0.2246  0.1804  0.1357  0.0907  0.0455  0.0001 -0.0452 -0.0904 -0.1354 -0.1801 -0.2243 -0.2680 -0.3111 -0.3534 -0.3949 -0.4354 -0.4748 -0.5131 -0.5502 -0.5860 -0.6203 -0.6532 -0.6844 -0.7140 -0.7419 -0.7681 -0.7923 -0.8147 -0.8351 -0.8534 -0.8698 -0.8840 -0.8961 -0.9060 -0.9138 -0.9193 -0.9227 -0.9238 -0.9227 -0.9194 -0.9138 -0.9061 -0.8961 -0.8840 -0.8698 -0.8535 -0.8351 -0.8147 -0.7924 -0.7681 -0.7420 -0.7141 -0.6845 -0.6532 -0.6204 -0.5861 -0.5503 -0.5133 -0.4749 -0.4355 -0.3950 -0.3535 -0.3112 -0.2682 -0.2245 -0.1802 -0.1356 -0.0906 -0.0453
  0.0462  0.0923  0.1382  0.1837  0.2288  0.2733  0.3172  0.3603  0.4026  0.4439  0.4841  0.5231  0.5609  0.5974  0.6324  0.6658  0.6977  0.7279  0.7563  0.7829  0.8077  0.8304  0.8512  0.8700  0.8866  0.9011  0.9134  0.9235  0.9315  0.9371  0.9405  0.9417  0.9405  0.9371  0.9315  0.9236  0.9134  0.9011  0.8866  0.8700  0.8513  0.8305  0.8077  0.7830  0.7564  0.7280  0.6978  0.6659  0.6324  0.5975  0.5610  0.5232  0.4842  0.4440  0.4027  0.3605  0.3173  0.2735  0.2289  0.1838  0.1383  0.0924  0.0463  0.0001 -0.0461 -0.0921 -0.1380 -0.1835 -0.2286 -0.2732 -0.3171 -0.3602 -0.4024 -0.4437 -0.4839 -0.5230 -0.5607 -0.5972 -0.6322 -0.6656 -0.6975 -0.7277 -0.7561 -0.7827 -0.8075 -0.8303 -0.8510 -0.8698 -0.8864 -0.9009 -0.9132 -0.9234 -0.9313 -0.9369 -0.9403 -0.9415 -0.9403 -0.9369 -0.9313 -0.9234 -0.9133 -0.9009 -0.8864 -0.8698 -0.8511 -0.8303 -0.8075 -0.7828 -0.7562 -0.7278 -0.6976 -0.6657 -0.6323 -0.5973 -0.5608 -0.5231 -0.4840 -0.4438 -0.4025 -0.3603 -0.3172 -0.2733 -0.2288 -0.1837 -0.1381 -0.0923 -0.0462
  0.0470  0.0938  0.1404  0.1867  0.2325  0.2778  0.3224  0.3662  0.4092  0.4511  0.4920  0.5317  0.5701  0.6071  0.6427  0.6767  0.7091  0.7398  0.7687  0.7957  0.8209  0.8440  0.8651  0.8842  0.9011  0.9158  0.9284  0.9387  0.9467  0.9524  0.9559  0.9571  0.9559  0.9525  0.9467  0.9387  0.9284  0.9159  0.9011  0.8842  0.8652  0.8441  0.8209  0.7958  0.7688  0.7399  0.7092  0.6768  0.6428  0.6072  0.5702  0.5318  0.4921  0.4513  0.4093  0.3664  0.3225  0.2779  0.2327  0.1868  0.1406  0.0939  0.0471  0.0002 -0.0468 -0.0936 -0.1403 -0.1865 -0.2324 -0.2776 -0.3222 -0.3661 -0.4090 -0.4510 -0.4918 -0.5315 -0.5699 -0.6069 -0.6425 -0.6765 -0.7089 -0.7396 -0.7685 -0.7955 -0.8207 -0.8438 -0.8650 -0.8840 -0.9009 -0.9156 -0.9282 -0.9385 -0.9465 -0.9522 -0.9557 -0.9569 -0.9557 -0.9523 -0.9465 -0.9385 -0.9282 -0.9157 -0.9009 -0.8840 -0.8650 -0.8439 -0.8207 -0.7956 -0.7686 -0.7397 -0.7090 -0.6766 -0.6426 -0.6070 -0.5700 -0.5316 -0.4919 -0.4511 -0.4091 -0.3662 -0.3224 -0.2778 -0.2325 -0.1867 -0.1404 -0.0938 -0.0470
  0.0476  0.0951  0.1423  0.1893  0.2357  0.2816  0.3268  0.3712  0.4148  0.4573  0.4987  0.5390  0.5779  0.6154  0.6515  0.6860  0.7188  0.7499  0.7792  0.8066  0.8321  0.8556  0.8770  0.8963  0.9134  0.9284  0.9411  0.9515  0.9596  0.9655  0.9690  0.9701  0.9690  0.9655  0.9597  0.9515  0.9411  0.9284  0.9135  0.8963  0.8770  0.8556  0.8322  0.8067  0.7793  0.7500  0.7189  0.6861  0.6516  0.6155  0.5780  0.5391  0.4988  0.4574  0.4149  0.3714  0.3269  0.2817  0.2359  0.1894  0.1425  0.0952  0.0478  0.0002 -0.0474 -0.0949 -0.1422 -0.1891 -0.2356 -0.2814 -0.3266 -0.3711 -0.4146 -0.4571 -0.4986 -0.5388 -0.5777 -0.6153 -0.6513 -0.6858 -0.7186 -0.7497 -0.7790 -0.8064 -0.8319 -0.8554 -0.8768 -0.8961 -0.9132 -0.9282 -0.9409 -0.9513 -0.9594 -0.9653 -0.9688 -0.9699 -0.9688 -0.9653 -0.9595 -0.9513 -0.9409 -0.9282 -0.9133 -0.8961 -0.8768 -0.8554 -0.8320 -0.8065 -0.7791 -0.7498 -0.7187 -0.6859 -0.6514 -0.6153 -0.5778 -0.5389 -0.4987 -0.4572 -0.4147 -0.3712 -0.3268 -0.2816 -0.2357 -0.1892 -0.1423 -0.0951 -0.0476
  0.0481  0.0961  0.1439  0.1914  0.2383  0.2847  0.3304  0.3754  0.4194  0.4624  0.5043  0.5449  0.5843  0.6223  0.6587  0.6936  0.7268  0.7582  0.7878  0.8156  0.8413  0.8651  0.8867  0.9062  0.9235  0.9387  0.9515  0.9620  0.9703  0.9762  0.9797  0.9809  0.9797  0.9762  0.9703  0.9621  0.9515  0.9387  0.9236  0.9063  0.8868  0.8651  0.8414  0.8156  0.7879  0.7583  0.7269  0.6937  0.6588  0.6224  0.5844  0.5451  0.5044  0.4625  0.4195  0.3755  0.3306  0.2849  0.2385  0.1915  0.1441  0.0963  0.0483  0.0002 -0.0480 -0.0960 -0.1438 -0.1912 -0.2382 -0.2846 -0.3303 -0.3752 -0.4192 -0.4622 -0.5041 -0.5448 -0.5841 -0.6221 -0.6585 -0.6934 -0.7266 -0.7580 -0.7877 -0.8154 -0.8411 -0.8649 -0.8865 -0.9060 -0.9234 -0.9385 -0.9513 -0.9618 -0.9701 -0.9760 -0.9795 -0.9807 -0.9795 -0.9760 -0.9701 -0.9619 -0.9513 -0.9385 -0.9234 -0.9061 -0.8866 -0.8649 -0.8412 -0.8154 -0.7877 -0.7581 -0.7267 -0.6935 -0.6586 -0.6222 -0.5842 -0.5449 -0.5042 -0.4623 -0.4193 -0.3753 -0.3304 -0.2847 -0.2383 -0.1913 -0.1439 -0.0961 -0.0481
  0.0485  0.0970  0.1452  0.1930  0.2404  0.2872  0.3333  0.3786  0.4230  0.4663  0.5086  0.5496  0.5893  0.6276  0.6644  0.6995  0.7330  0.7647  0.7946  0.8226  0.8485  0.8725  0.8943  0.9140  0.9315  0.9467  0.9596  0.9703  0.9786  0.9845  0.9881  0.9893  0.9881  0.9845  0.9786  0.9703  0.9597  0.9467  0.9315  0.9140  0.8943  0.8725  0.8486  0.8226  0.7947  0.7648  0.7331  0.6996  0.6644  0.6277  0.5894  0.5497  0.5087  0.4665  0.4231  0.3787  0.3334  0.2873  0.2405  0.1931  0.1453  0.0971  0.0487  0.0002 -0.0484 -0.0968 -0.1450 -0.1928 -0.2402 -0.2870 -0.3331 -0.3784 -0.4228 -0.4662 -0.5084 -0.5494 -0.5891 -0.6274 -0.6642 -0.6993 -0.7328 -0.7645 -0.7944 -0.8224 -0.8483 -0.8723 -0.8941 -0.9138 -0.9313 -0.9465 -0.9594 -0.9701 -0.9784 -0.9843 -0.9879 -0.9891 -0.9879 -0.9843 -0.9784 -0.9701 -0.9595 -0.9465 -0.9313 -0.9138 -0.8942 -0.8723 -0.8484 -0.8224 -0.7945 -0.7646 -0.7329 -0.6994 -0.6643 -0.6275 -0.5892 -0.5495 -0.5085 -0.4663 -0.4229 -0.3785 -0.3332 -0.2871 -0.2403 -0.1930 -0.1451 -0.0970 -0.0485
  0.0488  0.0976  0.1460  0.1942  0.2418  0.2889  0.3353  0.3809  0.4255  0.4692  0.5117  0.5529  0.5929  0.6314  0.6684  0.7038  0.7375  0.7694  0.7994  0.8275  0.8537  0.8778  0.8997  0.9195  0.9371  0.9524  0.9655  0.9762  0.9845  0.9905  0.9941  0.9953  0.9941  0.9905  0.9845  0.9762  0.9655  0.9525  0.9372  0.9196  0.8998  0.8778  0.8537  0.8276  0.7995  0.7694  0.7375  0.7039  0.6685  0.6315  0.5930  0.5531  0.5118  0.4693  0.4257  0.3810  0.3354  0.2890  0.2420  0.1943  0.1462  0.0977  0.0490  0.0002 -0.0487 -0.0974 -0.1459 -0.1940 -0.2417 -0.2887 -0.3351 -0.3807 -0.4254 -0.4690 -0.5115 -0.5528 -0.5927 -0.6312 -0.6682 -0.7036 -0.7373 -0.7692 -0.7992 -0.8274 -0.8535 -0.8776 -0.8995 -0.9193 -0.9369 -0.9522 -0.9653 -0.9760 -0.9843 -0.9903 -0.9939 -0.9951 -0.9939 -0.9903 -0.9843 -0.9760 -0.9653 -0.9523 -0.9370 -0.9194 -0.8996 -0.8776 -0.8536 -0.8274 -0.7993 -0.7693 -0.7373 -0.7037 -0.6683 -0.6313 -0.5928 -0.5529 -0.5116 -0.4691 -0.4255 -0.3808 -0.3353 -0.2889 -0.2418 -0.1941 -0.1460 -0.0975 -0.0488
  0.0490  0.0979  0.1466  0.1949  0.2427  0.2900  0.3365  0.3823  0.4271  0.4709  0.5135  0.5550  0.5950  0.6337  0.6708  0.7063  0.7401  0.7722  0.8023  0.8306  0.8568  0.8810  0.9030  0.9229  0.9405  0.9559  0.9690  0.9797  0.9881  0.9941  0.9977  0.9989  0.9977  0.9941  0.9881  0.9797  0.9690  0.9559  0.9406  0.9229  0.9031  0.8810  0.8568  0.8306  0.8024  0.7722  0.7402  0.7064  0.6709  0.6338  0.5951  0.5551  0.5136  0.4710  0.4272  0.3824  0.3366  0.2901  0.2428  0.1950  0.1467  0.0981  0.0492  0.0002 -0.0489 -0.0977 -0.1464 -0.1947 -0.2425 -0.2898 -0.3363 -0.3821 -0.4269 -0.4707 -0.5133 -0.5548 -0.5949 -0.6335 -0.6706 -0.7061 -0.7399 -0.7720 -0.8021 -0.8304 -0.8566 -0.8808 -0.9028 -0.9227 -0.9403 -0.9557 -0.9688 -0.9795 -0.9879 -0.9939 -0.9975 -0.9987 -0.9975 -0.9939 -0.9879 -0.9795 -0.9688 -0.9557 -0.9404 -0.9227 -0.9029 -0.8808 -0.8567 -0.8304 -0.8022 -0.7720 -0.7400 -0.7062 -0.6707 -0.6336 -0.5950 -0.5549 -0.5135 -0.4708 -0.4270 -0.3822 -0.3365 -0.2899 -0.2427 -0.1948 -0.1465 -0.0979 -0.0490
  0.0491  0.0980  0.1467  0.1951  0.2430  0.2903  0.3369  0.3827  0.4276  0.4714  0.5142  0.5556  0.5958  0.6345  0.6716  0.7072  0.7410  0.7731  0.8033  0.8316  0.8578  0.8820  0.9041  0.9240  0.9417  0.9571  0.9701  0.9809  0.9893  0.9953  0.9989  1.0001  0.9989  0.9953  0.9893  0.9809  0.9702  0.9571  0.9417  0.9240  0.9041  0.8821  0.8579  0.8316  0.8034  0.7732  0.7411  0.7073  0.6717  0.6346  0.5959  0.5557  0.5143  0.4716  0.4277  0.3828  0.3371  0.2904  0.2431  0.1953  0.1469  0.0982  0.0492  0.0002 -0.0489 -0.0979 -0.1466 -0.1949 -0.2428 -0.2901 -0.3367 -0.3825 -0.4274 -0.4713 -0.5140 -0.5554 -0.5956 -0.6343 -0.6714 -0.7070 -0.7408 -0.7729 -0.8031 -0.8314 -0.8576 -0.8818 -0.9039 -0.9238 -0.9415 -0.9569 -0.9699 -0.9807 -0.9891 -0.9951 -0.9987 -0.9999 -0.9987 -0.9951 -0.9891 -0.9807 -0.9700 -0.9569 -0.9415 -0.9238 -0.9039 -0.8819 -0.8577 -0.8314 -0.8032 -0.7730 -0.7409 -0.7071 -0.6715 -0.6344 -0.5957 -0.5555 -0.5141 -0.4714 -0.4275 -0.3827 -0.3369 -0.2903 -0.2430 -0.1951 -0.1467 -0.0980 -0.0491
  0.0490  0.0979  0.1466  0.1949  0.2427  0.2900  0.3365  0.3823  0.4271  0.4709  0.5135  0.5550  0.5950  0.6337  0.6708  0.7063  0.7401  0.7722  0.8023  0.8306  0.8568  0.8810  0.9030  0.9229  0.9405  0.9559  0.9690  0.9797  0.9881  0.9941  0.9977  0.9989  0.9977  0.9941  0.9881  0.9797  0.9690  0.9559  0.9406  0.9229  0.9031  0.8810  0.8569  0.8306  0.8024  0.7722  0.7402  0.7064  0.6709  0.6338  0.5951  0.5551  0.5136  0.4710  0.4272  0.3824  0.3366  0.2901  0.2428  0.1950  0.1467  0.0981  0.0492  0.0002 -0.0489 -0.0977 -0.1464 -0.1947 -0.2425 -0.2898 -0.3363 -0.3821 -0.4269 -0.4707 -0.5134 -0.5548 -0.5949 -0.6335 -0.6706 -0.7061 -0.7399 -0.7720 -0.8021 -0.8304 -0.8566 -0.8808 -0.9028 -0.9227 -0.9403 -0.9557 -0.9688 -0.9795 -0.9879 -0.9939 -0.9975 -0.9987 -0.9975 -0.9939 -0.9879 -0.9795 -0.9688 -0.9557 -0.9404 -0.9227 -0.9029 -0.8808 -0.8567 -0.8304 -0.8022 -0.7720 -0.7400 -0.7062 -0.6707 -0.6336 -0.5950 -0.5549 -0.5135 -0.4708 -0.4270 -0.3822 -0.3365 -0.2899 -0.2427 -0.1948 -0.1465 -0.0979 -0.0490
  0.0488  0.0976  0.1460  0.1942  0.2418  0.2889  0.3353  0.3809  0.4255  0.4692  0.5117  0.5530  0.5929  0.6314  0.6684  0.7038  0.7375  0.7694  0.7994  0.8276  0.8537  0.8778  0.8997  0.9195  0.9371  0.9525  0.9655  0.9762  0.9845  0.9905  0.9941  0.9953  0.9941  0.9905  0.9846  0.9762  0.9655  0.9525  0.9372  0.9196  0.8998  0.8778  0.8538  0.8276  0.7995  0.7695  0.7375  0.7039  0.6685  0.6315  0.5930  0.5531  0.5118  0.4693  0.4257  0.3810  0.3354  0.2890  0.2420  0.1943  0.1462  0.0977  0.0490  0.0002 -0.0487 -0.0974 -0.1459 -0.1940 -0.2417 -0.2887 -0.3351 -0.3807 -0.4254 -0.4690 -0.5115 -0.5528 -0.5927 -0.6312 -0.6682 -0.7036 -0.7373 -0.7692 -0.7992 -0.8274 -0.8535 -0.8776 -0.8995 -0.9193 -0.9369 -0.9523 -0.9653 -0.9760 -0.9843 -0.9903 -0.9939 -0.9951 -0.9939 -0.9903 -0.9844 -0.9760 -0.9653 -0.9523 -0.9370 -0.9194 -0.8996 -0.8776 -0.8536 -0.8274 -0.7993 -0.7693 -0.7374 -0.7037 -0.6683 -0.6313 -0.5928 -0.5529 -0.5116 -0.4691 -0.4255 -0.3808 -0.3353 -0.2889 -0.2418 -0.1941 -0.1460 -0.0975 -0.0488
  0.0485  0.0970  0.1452  0.1930  0.2404  0.2872  0.3333  0.3786  0.4230  0.4663  0.5086  0.5496  0.5893  0.6276  0.6644  0.6995  0.7330  0.7647  0.7946  0.8226  0.8485  0.8725  0.8943  0.9140  0.9315  0.9467  0.9597  0.9703  0.9786  0.9845  0.9881  0.9893  0.9881  0.9846  0.9786  0.9703  0.9597  0.9467  0.9315  0.9140  0.8944  0.8725  0.8486  0.8226  0.7947  0.7648  0.7331  0.6996  0.6645  0.6277  0.5894  0.5497  0.5087  0.4665  0.4231  0.3787  0.3334  0.2873  0.2405  0.1931  0.1453  0.0971  0.0487  0.0002 -0.0484 -0.0968 -0.1450 -0.1928 -0.2402 -0.2870 -0.3331 -0.3784 -0.4228 -0.4662 -0.5084 -0.5494 -0.5891 -0.6274 -0.6642 -0.6993 -0.7328 -0.7645 -0.7944 -0.8224 -0.8484 -0.8723 -0.8941 -0.9138 -0.9313 -0.9465 -0.9595 -0.9701 -0.9784 -0.9843 -0.9879 -0.9891 -0.9879 -0.9844 -0.9784 -0.9701 -0.9595 -0.9465 -0.9313 -0.9138 -0.8942 -0.8723 -0.8484 -0.8224 -0.7945 -0.7646 -0.7329 -0.6994 -0.6643 -0.6275 -0.5892 -0.5495 -0.5085 -0.4663 -0.4229 -0.3785 -0.3332 -0.2871 -0.2403 -0.1930 -0.1451 -0.0970 -0.0485
  0.0481  0.0961  0.1439  0.1914  0.2383  0.2847  0.3305  0.3754  0.4194  0.4624  0.5043  0.5450  0.5843  0.6223  0.6587  0.6936  0.7268  0.7582  0.7879  0.8156  0.8414  0.8651  0.8867  0.9062  0.9236  0.9387  0.9515  0.9621  0.9703  0.9762  0.9797  0.9809  0.9797  0.9762  0.9703  0.9621  0.9515  0.9387  0.9236  0.9063  0.8868  0.8651  0.8414  0.8157  0.7879  0.7583  0.7269  0.6937  0.6588  0.6224  0.5844  0.5451  0.5044  0.4625  0.4195  0.3755  0.3306  0.2849  0.2385  0.1915  0.1441  0.0963  0.0483  0.0001 -0.0480 -0.0960 -0.1438 -0.1912 -0.2382 -0.2846 -0.3303 -0.3752 -0.4192 -0.4622 -0.5041 -0.5448 -0.5841 -0.6221 -0.6585 -0.6934 -0.7266 -0.7581 -0.7877 -0.8154 -0.8412 -0.8649 -0.8865 -0.9060 -0.9234 -0.9385 -0.9513 -0.9619 -0.9701 -0.9760 -0.9795 -0.9807 -0.9796 -0.9760 -0.9701 -0.9619 -0.9514 -0.9385 -0.9234 -0.9061 -0.8866 -0.8649 -0.8412 -0.8155 -0.7878 -0.7581 -0.7267 -0.6935 -0.6586 -0.6222 -0.5842 -0.5449 -0.5042 -0.4623 -0.4193 -0.3753 -0.3304 -0.2847 -0.2383 -0.1913 -0.1439 -0.0961 -0.0481
  0.0476  0.0951  0.1423  0.1893  0.2357  0.2816  0.3268  0.3713  0.4148  0.4573  0.4988  0.5390  0.5779  0.6155  0.6515  0.6860  0.7188  0.7499  0.7792  0.8067  0.8321  0.8556  0.8770  0.8963  0.9134  0.9284  0.9411  0.9515  0.9597  0.9655  0.9690  0.9702  0.9690  0.9655  0.9597  0.9515  0.9411  0.9284  0.9135  0.8964  0.8771  0.8557  0.8322  0.8067  0.7793  0.7500  0.7189  0.6861  0.6516  0.6155  0.5780  0.5391  0.4989  0.4574  0.4149  0.3714  0.3270  0.2817  0.2359  0.1894  0.1425  0.0952  0.0477  0.0001 -0.0475 -0.0949 -0.1422 -0.1891 -0.2356 -0.2815 -0.3267 -0.3711 -0.4146 -0.4572 -0.4986 -0.5388 -0.5777 -0.6153 -0.6513 -0.6858 -0.7187 -0.7498 -0.7790 -0.8065 -0.8319 -0.8554 -0.8768 -0.8961 -0.9133 -0.9282 -0.9409 -0.9513 -0.9595 -0.9653 -0.9688 -0.9700 -0.9688 -0.9653 -0.9595 -0.9514 -0.9409 -0.9282 -0.9133 -0.8962 -0.8769 -0.8555 -0.8320 -0.8065 -0.7791 -0.7498 -0.7187 -0.6859 -0.6514 -0.6154 -0.5778 -0.5389 -0.4987 -0.4573 -0.4147 -0.3712 -0.3268 -0.2816 -0.2357 -0.1892 -0.1423 -0.0951 -0.0476
  0.0470  0.0938  0.1404  0.1867  0.2325  0.2778  0.3224  0.3662  0.4092  0.4512  0.4920  0.5317  0.5701  0.6072  0.6427  0.6767  0.7091  0.7398  0.7687  0.7958  0.8209  0.8441  0.8652  0.8842  0.9011  0.9159  0.9284  0.9387  0.9467  0.9525  0.9559  0.9571  0.9559  0.9525  0.9467  0.9387  0.9284  0.9159  0.9012  0.8843  0.8652  0.8441  0.8210  0.7958  0.7688  0.7399  0.7092  0.6768  0.6428  0.6072  0.5702  0.5318  0.4921  0.4513  0.4093  0.3664  0.3225  0.2779  0.2327  0.1868  0.1406  0.0939  0.0471  0.0001 -0.0468 -0.0937 -0.1403 -0.1866 -0.2324 -0.2777 -0.3223 -0.3661 -0.4090 -0.4510 -0.4919 -0.5315 -0.5699 -0.6070 -0.6425 -0.6766 -0.7090 -0.7396 -0.7685 -0.7956 -0.8207 -0.8439 -0.8650 -0.8840 -0.9009 -0.9157 -0.9282 -0.9385 -0.9465 -0.9523 -0.9557 -0.9569 -0.9557 -0.9523 -0.9465 -0.9385 -0.9282 -0.9157 -0.9010 -0.8841 -0.8650 -0.8439 -0.8208 -0.7957 -0.7686 -0.7397 -0.7090 -0.6766 -0.6426 -0.6071 -0.5700 -0.5316 -0.4920 -0.4511 -0.4091 -0.3662 -0.3224 -0.2778 -0.2325 -0.1867 -0.1404 -0.0938 -0.0470
  0.0462  0.0923  0.1382  0.1837  0.2288  0.2733  0.3172  0.3604  0.4026  0.4439  0.4841  0.5232  0.5609  0.5974  0.6324  0.6659  0.6977  0.7279  0.7564  0.7830  0.8077  0.8305  0.8513  0.8700  0.8866  0.9011  0.9135  0.9236  0.9315  0.9372  0.9406  0.9417  0.9406  0.9372  0.9315  0.9236  0.9135  0.9012  0.8867  0.8700  0.8513  0.8305  0.8078  0.7830  0.7564  0.7280  0.6978  0.6659  0.6325  0.5975  0.5610  0.5233  0.4842  0.4440  0.4027  0.3605  0.3174  0.2735  0.2289  0.1838  0.1383  0.0924  0.0463  0.0001 -0.0461 -0.0922 -0.1380 -0.1836 -0.2287 -0.2732 -0.3171 -0.3602 -0.4024 -0.4437 -0.4839 -0.5230 -0.5608 -0.5972 -0.6322 -0.6657 -0.6976 -0.7277 -0.7562 -0.7828 -0.8075 -0.8303 -0.8511 -0.8698 -0.8864 -0.9009 -0.9133 -0.9234 -0.9313 -0.9370 -0.9404 -0.9415 -0.9404 -0.9370 -0.9313 -0.9234 -0.9133 -0.9010 -0.8865 -0.8699 -0.8511 -0.8304 -0.8076 -0.7829 -0.7562 -0.7278 -0.6976 -0.6658 -0.6323 -0.5973 -0.5609 -0.5231 -0.4840 -0.4438 -0.4026 -0.3603 -0.3172 -0.2733 -0.2288 -0.1837 -0.1382 -0.0923 -0.0462
